0 0.962760 0.621759 0.025521 0.112037
0 0.757812 0.516667 0.013542 0.046296
0 0.632031 0.514352 0.009896 0.045370
0 0.608333 0.494907 0.007292 0.030556
0 0.891667 0.571296 0.020833 0.081481
0 0.691667 0.560185 0.015625 0.072222
0 0.634896 0.518981 0.012500 0.045370
0 0.870313 0.705556 0.044792 0.153704
0 0.689583 0.567130 0.018750 0.069444
0 0.621094 0.521296 0.011979 0.048148
0 0.794792 0.656944 0.028125 0.113889
0 0.654948 0.556944 0.020313 0.062037
0 0.604688 0.523148 0.008333 0.035185
0 0.584896 0.512963 0.008333 0.031481
0 0.853125 0.684722 0.038542 0.147222
0 0.628385 0.519444 0.014063 0.046296
0 0.598437 0.486111 0.009375 0.025926
0 0.854688 0.681481 0.035417 0.140741
0 0.714844 0.588889 0.022396 0.083333
0 0.625260 0.506944 0.007812 0.032407
0 0.921354 0.761111 0.047917 0.198148
0 0.651302 0.527778 0.011979 0.042593
0 0.722396 0.574074 0.017708 0.074074
0 0.847656 0.643519 0.026562 0.096296
0 0.677083 0.603704 0.019792 0.070370
0 0.632552 0.563889 0.013021 0.059259
0 0.754687 0.682870 0.032292 0.108333
0 0.665365 0.591667 0.021354 0.075926
0 0.618750 0.556481 0.012500 0.048148
0 0.791406 0.715741 0.039062 0.142593
0 0.669792 0.606019 0.020833 0.073148
0 0.622396 0.555556 0.012500 0.044444
0 0.787500 0.729167 0.040625 0.134259
0 0.661979 0.590278 0.020833 0.062037
0 0.610938 0.536111 0.015625 0.048148
0 0.808333 0.738889 0.045833 0.137037
0 0.653646 0.571296 0.023958 0.075926
0 0.602865 0.506481 0.009896 0.031481
0 0.576823 0.507870 0.008854 0.028704
0 0.904948 0.772685 0.052604 0.180556
0 0.691406 0.540278 0.014063 0.043519
0 0.655990 0.538889 0.011979 0.040741
0 0.617969 0.535185 0.010937 0.040741
0 0.594271 0.531481 0.009375 0.038889
0 0.568229 0.528704 0.009375 0.035185
0 0.400521 0.515278 0.010417 0.039815
0 0.425000 0.513426 0.005208 0.025000
0 0.978385 0.629630 0.021354 0.079630
0 0.921615 0.631019 0.022396 0.076852
0 0.846354 0.615741 0.020833 0.077778
0 0.795052 0.606019 0.024479 0.075000
0 0.742188 0.593519 0.019792 0.064815
0 0.694792 0.579630 0.012500 0.059259
0 0.656250 0.559722 0.011458 0.052778
0 0.642448 0.547685 0.010937 0.047222
0 0.682031 0.574074 0.008854 0.050000
0 0.672135 0.568981 0.008854 0.050926
0 0.440365 0.547222 0.014063 0.064815
0 0.488281 0.537037 0.008854 0.038889
0 0.370573 0.605556 0.028646 0.114815
0 0.466406 0.575926 0.014063 0.055556
0 0.984635 0.770370 0.029687 0.146296
0 0.874740 0.725463 0.040104 0.121296
0 0.830729 0.694907 0.030208 0.113889
0 0.802865 0.676852 0.025521 0.101852
0 0.755729 0.643981 0.022917 0.087963
0 0.721875 0.613426 0.023958 0.084259
0 0.699479 0.595370 0.016667 0.062963
0 0.674740 0.571296 0.013021 0.055556
0 0.664323 0.545833 0.010937 0.045370
0 0.299479 0.724074 0.034375 0.144444
0 0.448698 0.608333 0.027604 0.088889
0 0.885938 0.815278 0.042708 0.165741
0 0.767188 0.700926 0.034375 0.124074
0 0.702865 0.612500 0.020313 0.086111
0 0.676823 0.581944 0.015104 0.056481
0 0.447917 0.625000 0.032292 0.090741
0 0.493750 0.568519 0.017708 0.057407
0 0.644010 0.521296 0.009896 0.029630
0 0.667188 0.556944 0.013542 0.045370
0 0.685417 0.581481 0.018750 0.061111
0 0.704167 0.607407 0.021875 0.083333
0 0.741146 0.680556 0.032292 0.112963
0 0.181771 0.860185 0.044792 0.201852
0 0.885938 0.829167 0.043750 0.178704
0 0.311198 0.817593 0.073438 0.192593
0 0.440625 0.629167 0.032292 0.087963
0 0.497396 0.561111 0.018750 0.055556
0 0.632552 0.521296 0.009896 0.031481
0 0.642188 0.534259 0.012500 0.038889
0 0.660937 0.562037 0.013542 0.055556
0 0.690885 0.594907 0.022396 0.069444
0 0.734635 0.647222 0.028646 0.094444
0 0.798698 0.728241 0.043229 0.152778
0 0.364063 0.732407 0.056250 0.157407
0 0.446354 0.606944 0.030208 0.089815
0 0.475781 0.556019 0.015104 0.056481
0 0.491146 0.538889 0.011458 0.040741
0 0.631250 0.523611 0.010417 0.036111
0 0.646354 0.544907 0.015625 0.054630
0 0.681250 0.581944 0.021875 0.065741
0 0.788802 0.701389 0.043229 0.141667
0 0.377865 0.686574 0.048438 0.130556
0 0.433594 0.614815 0.026562 0.074074
0 0.476302 0.550000 0.017188 0.053704
0 0.506771 0.527778 0.012500 0.038889
0 0.657031 0.518519 0.010937 0.035185
0 0.670833 0.535648 0.008333 0.036111
0 0.660677 0.568056 0.010937 0.054630
0 0.867448 0.782870 0.051562 0.176852
0 0.708073 0.621296 0.028646 0.090741
0 0.364844 0.648611 0.039062 0.117593
0 0.451302 0.570370 0.022396 0.064815
0 0.513542 0.540741 0.015625 0.048148
0 0.751823 0.683796 0.031771 0.110185
0 0.710938 0.576852 0.015625 0.061111
0 0.671615 0.541204 0.016146 0.062037
0 0.102344 0.849537 0.039062 0.202778
0 0.411719 0.612037 0.034896 0.105556
0 0.467708 0.552778 0.019792 0.062963
0 0.494531 0.527315 0.018229 0.054630
0 0.509115 0.512037 0.008854 0.038889
0 0.459115 0.485185 0.005729 0.016667
0 0.538021 0.499074 0.006250 0.027778
0 0.740365 0.599537 0.028646 0.126852
0 0.943750 0.767130 0.048958 0.182407
0 0.276042 0.730556 0.056250 0.164815
0 0.398958 0.590741 0.026042 0.085185
0 0.438281 0.554167 0.018229 0.062037
0 0.488021 0.525926 0.012500 0.042593
0 0.393490 0.499537 0.005729 0.021296
0 0.160938 0.785185 0.066667 0.211111
0 0.333594 0.624074 0.030729 0.103704
0 0.441146 0.557407 0.017708 0.062963
0 0.336719 0.509259 0.005729 0.033333
0 0.307031 0.714352 0.051562 0.167593
0 0.482812 0.553704 0.032292 0.096296
0 0.318750 0.569444 0.017708 0.075926
0 0.169531 0.552315 0.023438 0.089815
0 0.434115 0.546296 0.041146 0.138889
0 0.565885 0.518981 0.008854 0.041667
0 0.575521 0.517130 0.008333 0.036111
0 0.585417 0.517593 0.009375 0.035185
0 0.686719 0.520370 0.014063 0.040741
0 0.919531 0.620833 0.020313 0.091667
0 0.724479 0.539352 0.014583 0.045370
0 0.884115 0.602778 0.020313 0.081481
0 0.864844 0.593981 0.024479 0.075000
0 0.671094 0.514352 0.010937 0.030556
0 0.766406 0.553704 0.015104 0.050000
0 0.854948 0.588889 0.021354 0.072222
0 0.690625 0.522222 0.012500 0.037037
0 0.772656 0.555093 0.019271 0.049074
0 0.807813 0.561574 0.022917 0.058333
0 0.657292 0.506019 0.010417 0.026852
0 0.611198 0.490278 0.004687 0.019444
0 0.730729 0.533333 0.014583 0.042593
0 0.884375 0.599537 0.022917 0.076852
0 0.684635 0.523611 0.010937 0.036111
0 0.883333 0.602315 0.022917 0.078704
0 0.809115 0.565278 0.019271 0.060185
0 0.716146 0.527315 0.010417 0.041667
0 0.990104 0.635648 0.017708 0.089815
0 0.903646 0.596759 0.017708 0.063889
0 0.845052 0.566667 0.014063 0.057407
0 0.937500 0.621759 0.028125 0.087963
0 0.684375 0.517130 0.011458 0.034259
0 0.803906 0.533796 0.011979 0.041667
0 0.933594 0.572685 0.018229 0.058333
0 0.813802 0.570833 0.021354 0.054630
0 0.670833 0.517130 0.012500 0.030556
0 0.883854 0.602315 0.022917 0.076852
0 0.166667 0.713426 0.033333 0.169444
0 0.336979 0.579167 0.020833 0.089815
0 0.313021 0.596296 0.022917 0.101852
0 0.288021 0.561111 0.018750 0.074074
0 0.333333 0.540741 0.017708 0.053704
0 0.237500 0.511574 0.009375 0.041667
0 0.302865 0.503241 0.006771 0.026852
0 0.320312 0.491667 0.005208 0.022222
0 0.256510 0.660185 0.036979 0.120370
0 0.202344 0.536111 0.010937 0.055556
0 0.375260 0.545833 0.018229 0.063889
0 0.383073 0.518519 0.009896 0.044444
0 0.398958 0.500000 0.010417 0.029630
0 0.059115 0.611574 0.027604 0.080556
0 0.323437 0.662963 0.047917 0.137037
0 0.391927 0.564352 0.025521 0.075000
0 0.290104 0.521296 0.008333 0.044444
0 0.301042 0.509259 0.009375 0.035185
0 0.350000 0.487963 0.007292 0.025926
0 0.434896 0.526852 0.014583 0.051852
0 0.447917 0.507407 0.007292 0.037037
0 0.408333 0.635648 0.040625 0.126852
0 0.467187 0.548611 0.020833 0.073148
0 0.481510 0.514815 0.011979 0.046296
0 0.127344 0.599537 0.023438 0.073148
0 0.204167 0.549074 0.019792 0.057407
0 0.248438 0.524074 0.018750 0.057407
0 0.300260 0.508333 0.011979 0.035185
0 0.341927 0.493981 0.010937 0.032407
0 0.379427 0.482407 0.008854 0.024074
0 0.396354 0.475463 0.005208 0.021296
0 0.033073 0.602315 0.021354 0.100926
0 0.160677 0.558333 0.018229 0.061111
0 0.245833 0.532870 0.011458 0.049074
0 0.318490 0.512963 0.011979 0.037037
0 0.350260 0.497685 0.006771 0.021296
0 0.355208 0.711574 0.052083 0.175000
0 0.431250 0.572222 0.028125 0.074074
0 0.422396 0.531944 0.014583 0.047222
0 0.372135 0.689815 0.049479 0.135185
0 0.393229 0.580093 0.025000 0.076852
0 0.426042 0.543981 0.014583 0.043519
0 0.275000 0.540278 0.014583 0.049074
0 0.149479 0.578704 0.021875 0.064815
0 0.148958 0.595833 0.027083 0.086111
0 0.265885 0.551389 0.017188 0.050926
0 0.436979 0.581481 0.029167 0.092593
0 0.466146 0.542130 0.020833 0.067593
0 0.485938 0.518981 0.012500 0.050926
0 0.495573 0.500000 0.009896 0.040741
0 0.387240 0.658333 0.043229 0.137037
0 0.443750 0.578704 0.027083 0.090741
0 0.474219 0.539352 0.016146 0.062037
0 0.490625 0.514815 0.012500 0.050000
0 0.501563 0.498611 0.008333 0.036111
0 0.507812 0.492593 0.008333 0.029630
0 0.363021 0.514815 0.010417 0.038889
0 0.388021 0.508796 0.009375 0.032407
0 0.108854 0.625463 0.029167 0.102778
0 0.258854 0.851389 0.063542 0.232407
0 0.420312 0.639352 0.035417 0.117593
0 0.467187 0.565278 0.021875 0.080556
0 0.491406 0.528241 0.013021 0.052778
0 0.502083 0.514815 0.012500 0.037037
0 0.109375 0.623148 0.028125 0.094444
0 0.225521 0.581944 0.022917 0.067593
0 0.393750 0.676852 0.048958 0.148148
0 0.462500 0.573148 0.026042 0.077778
0 0.485417 0.539815 0.018750 0.053704
0 0.122396 0.618519 0.030208 0.088889
0 0.239063 0.574537 0.023958 0.067593
0 0.308854 0.543981 0.013542 0.049074
0 0.250521 0.867130 0.057292 0.225000
0 0.416406 0.637963 0.042188 0.116667
0 0.348698 0.734259 0.054688 0.162963
0 0.422656 0.612500 0.033854 0.086111
0 0.401042 0.511111 0.010417 0.033333
0 0.469792 0.530556 0.017708 0.044444
0 0.404948 0.625926 0.032813 0.101852
0 0.318229 0.558333 0.023958 0.064815
0 0.787760 0.591667 0.033854 0.109259
0 0.746094 0.565278 0.024479 0.078704
0 0.723177 0.546296 0.019271 0.064815
0 0.703906 0.526852 0.016146 0.053704
0 0.689583 0.515741 0.013542 0.048148
0 0.677344 0.502315 0.013021 0.041667
0 0.891406 0.678241 0.038021 0.137963
0 0.791146 0.587963 0.027083 0.090741
0 0.760938 0.558333 0.021875 0.072222
0 0.842708 0.656481 0.036458 0.125926
0 0.773958 0.600926 0.030208 0.094444
0 0.736719 0.572222 0.023438 0.079630
0 0.702083 0.539815 0.018750 0.057407
0 0.691406 0.528704 0.013021 0.038889
0 0.390365 0.514815 0.015104 0.051852
0 0.379167 0.503704 0.011458 0.040741
0 0.372135 0.492593 0.007812 0.033333
0 0.886198 0.628241 0.030729 0.113889
0 0.783594 0.554630 0.042188 0.111111
0 0.807031 0.487963 0.026562 0.077778
0 0.779948 0.455556 0.020313 0.062963
0 0.743229 0.572685 0.041667 0.139815
0 0.642969 0.462963 0.025521 0.077778
0 0.629687 0.417130 0.014583 0.043519
0 0.665625 0.406019 0.009375 0.037963
0 0.885417 0.472222 0.021875 0.087037
0 0.854688 0.441667 0.017708 0.050000
0 0.749479 0.627315 0.061458 0.175000
0 0.672396 0.487500 0.031250 0.087963
0 0.661979 0.440278 0.017708 0.058333
0 0.642188 0.413889 0.015625 0.042593
0 0.678385 0.392593 0.008854 0.025926
0 0.685937 0.387037 0.008333 0.027778
0 0.962240 0.510648 0.019271 0.073148
0 0.837500 0.461111 0.016667 0.055556
0 0.781250 0.421759 0.011458 0.049074
0 0.792448 0.412037 0.011979 0.037037
0 0.707812 0.578241 0.046875 0.121296
0 0.595313 0.478241 0.028125 0.073148
0 0.578906 0.433333 0.014063 0.048148
0 0.694010 0.396296 0.006771 0.024074
0 0.683854 0.413426 0.008333 0.030556
0 0.673698 0.400000 0.007812 0.029630
0 0.722396 0.587963 0.050000 0.148148
0 0.966406 0.538426 0.028646 0.075000
0 0.849219 0.469907 0.022396 0.067593
0 0.739062 0.418056 0.014583 0.045370
0 0.583073 0.399074 0.008854 0.029630
0 0.573438 0.388889 0.008333 0.024074
0 0.841406 0.473611 0.023438 0.054630
0 0.691667 0.566667 0.050000 0.146296
0 0.632812 0.472222 0.029167 0.085185
0 0.606771 0.435648 0.021875 0.060185
0 0.669010 0.531944 0.036979 0.125000
0 0.609115 0.456944 0.021354 0.069444
0 0.584635 0.426389 0.015104 0.050926
0 0.573438 0.411111 0.010417 0.040741
0 0.566406 0.402778 0.007812 0.033333
0 0.913021 0.516667 0.025000 0.081481
0 0.822396 0.472685 0.021875 0.067593
0 0.729948 0.428704 0.011979 0.044444
0 0.895052 0.497222 0.023438 0.074074
0 0.793490 0.450463 0.015104 0.043519
0 0.710417 0.575926 0.040625 0.118519
0 0.650260 0.486574 0.025521 0.076852
0 0.600781 0.403241 0.010937 0.037963
0 0.591146 0.391667 0.008333 0.033333
0 0.583594 0.383796 0.004687 0.026852
0 0.882812 0.543981 0.030208 0.097222
0 0.644271 0.458333 0.017708 0.068519
0 0.626302 0.408796 0.010937 0.037963
0 0.754687 0.410648 0.008333 0.037963
0 0.739062 0.400000 0.008333 0.033333
0 0.119010 0.662500 0.046354 0.169444
0 0.212240 0.583796 0.042188 0.126852
0 0.268229 0.531019 0.027083 0.099074
0 0.097917 0.627315 0.042708 0.158333
0 0.148177 0.552778 0.032813 0.124074
0 0.189844 0.502778 0.024479 0.088889
0 0.212240 0.477315 0.019271 0.065741
0 0.223698 0.454630 0.014063 0.061111
0 0.079167 0.684722 0.048958 0.180556
0 0.095833 0.551389 0.022917 0.108333
0 0.143229 0.670833 0.044792 0.178704
0 0.085938 0.574074 0.034375 0.137037
0 0.037760 0.499074 0.018229 0.088889
0 0.020573 0.477315 0.014063 0.067593
0 0.008594 0.458796 0.010937 0.056481
0 0.286458 0.575000 0.023958 0.103704
0 0.760417 0.548148 0.012500 0.053704
0 0.774219 0.546759 0.008854 0.054630
0 0.787240 0.548611 0.010937 0.047222
0 0.996875 0.545833 0.005208 0.043519
0 0.989844 0.548611 0.004687 0.034259
0 0.982552 0.546296 0.006771 0.044444
0 0.136719 0.540741 0.010937 0.057407
0 0.129948 0.555556 0.015104 0.059259
0 0.321875 0.507407 0.008333 0.033333
0 0.195833 0.540278 0.014583 0.056481
0 0.111979 0.563426 0.021875 0.067593
0 0.182552 0.546759 0.017188 0.062037
0 0.092188 0.579167 0.019792 0.078704
0 0.063542 0.591204 0.023958 0.089815
0 0.034115 0.604167 0.026562 0.095370
0 0.066667 0.600926 0.025000 0.094444
0 0.216406 0.466204 0.010937 0.052778
0 0.124740 0.469907 0.011979 0.067593
0 0.725781 0.586111 0.016146 0.064815
0 0.658073 0.543981 0.014063 0.045370
0 0.625521 0.522685 0.010417 0.036111
0 0.849479 0.689352 0.028125 0.110185
0 0.692187 0.587963 0.021875 0.066667
0 0.633073 0.543056 0.014063 0.049074
0 0.821875 0.722685 0.043750 0.136111
0 0.668229 0.590278 0.020833 0.082407
0 0.109635 0.497222 0.006771 0.024074
0 0.174479 0.495370 0.008333 0.027778
0 0.150781 0.497222 0.005729 0.025926
0 0.126562 0.621759 0.013542 0.076852
0 0.146615 0.641204 0.021354 0.093519
0 0.198698 0.612963 0.016146 0.074074
0 0.238542 0.585648 0.015625 0.060185
0 0.120573 0.527315 0.007812 0.036111
0 0.271615 0.557870 0.009896 0.052778
0 0.055208 0.655556 0.028125 0.116667
0 0.083854 0.752778 0.029167 0.162963
0 0.134896 0.583796 0.017708 0.062037
0 0.149740 0.551852 0.013021 0.053704
0 0.163281 0.529630 0.011979 0.050000
0 0.230208 0.662500 0.027083 0.112037
0 0.329688 0.593981 0.019792 0.084259
0 0.364323 0.568981 0.014063 0.058333
0 0.375781 0.537500 0.011979 0.041667
0 0.392188 0.512037 0.008333 0.033333
0 0.018750 0.663426 0.018750 0.108333
0 0.089844 0.603241 0.017188 0.071296
0 0.134635 0.567130 0.015104 0.060185
0 0.214844 0.532407 0.010937 0.046296
0 0.284635 0.699074 0.030729 0.140741
0 0.372396 0.626389 0.023958 0.099074
0 0.407552 0.564815 0.015104 0.061111
0 0.440365 0.524537 0.007812 0.043519
0 0.183594 0.870833 0.041146 0.180556
0 0.353385 0.655093 0.028646 0.108333
0 0.435156 0.563889 0.017188 0.061111
0 0.357031 0.518981 0.009896 0.034259
0 0.362760 0.676852 0.030729 0.112963
0 0.132552 0.601852 0.013021 0.059259
0 0.183333 0.588889 0.014583 0.055556
0 0.310156 0.561111 0.013021 0.042593
0 0.354687 0.677315 0.035417 0.121296
0 0.144792 0.590741 0.014583 0.061111
0 0.262500 0.558333 0.014583 0.042593
0 0.307031 0.541667 0.009896 0.037037
0 0.134115 0.612963 0.015104 0.062963
0 0.229427 0.583796 0.014063 0.049074
0 0.690625 0.560185 0.017708 0.075926
0 0.277083 0.712037 0.041667 0.150000
0 0.315885 0.543056 0.021354 0.089815
0 0.248177 0.575000 0.024479 0.112963
0 0.143490 0.553704 0.020313 0.090741
0 0.288021 0.592593 0.018750 0.075926
0 0.352344 0.548148 0.019271 0.077778
0 0.393229 0.530093 0.010417 0.058333
0 0.173177 0.623611 0.029687 0.147222
0 0.293750 0.562500 0.020833 0.106481
0 0.440885 0.492130 0.004687 0.026852
0 0.447135 0.487500 0.004687 0.025000
0 0.115365 0.695370 0.043229 0.142593
0 0.229948 0.626852 0.025521 0.096296
0 0.319010 0.581481 0.019271 0.066667
0 0.384896 0.545833 0.012500 0.050926
0 0.407813 0.534259 0.010417 0.040741
0 0.171094 0.666667 0.035937 0.120370
0 0.277083 0.603241 0.022917 0.084259
0 0.327344 0.575463 0.017188 0.067593
0 0.364583 0.555093 0.016667 0.058333
0 0.384896 0.534259 0.015625 0.062963
0 0.402083 0.525000 0.011458 0.059259
0 0.097396 0.678241 0.037500 0.169444
0 0.194010 0.619907 0.030729 0.132407
0 0.437240 0.530556 0.015104 0.064815
0 0.465365 0.521296 0.013021 0.053704
0 0.478385 0.509259 0.007812 0.050000
0 0.490365 0.501389 0.009896 0.041667
0 0.499219 0.496296 0.008854 0.038889
0 0.510677 0.490741 0.007812 0.033333
0 0.822335 0.509766 0.324873 0.449219
0 0.500000 0.410156 0.269036 0.484375
0 0.175127 0.507812 0.340102 0.453125
0 0.475000 0.454545 0.759091 0.836364
0 0.497368 0.496063 0.626316 0.795276
0 0.511299 0.468421 0.807910 0.852632
0 0.500000 0.500000 0.917098 0.931034
0 0.698997 0.526786 0.321070 0.839286
0 0.471649 0.492278 0.644330 0.891892
0 0.430502 0.500000 0.297297 0.969072
0 0.681159 0.535519 0.369565 0.896175
0 0.515556 0.395556 0.471111 0.782222
0 0.659011 0.558989 0.321555 0.657303
0 0.844444 0.808889 0.240000 0.337778
0 0.553333 0.204444 0.306667 0.328889
0 0.165455 0.587432 0.149091 0.409836
0 0.454545 0.540984 0.130909 0.349727
0 0.612727 0.516393 0.112727 0.322404
0 0.727273 0.527322 0.116364 0.322404
0 0.456186 0.486486 0.675258 0.833977
0 0.343636 0.442623 0.272727 0.655738
0 0.491111 0.502222 0.662222 0.995556
0 0.113772 0.642384 0.185629 0.649007
0 0.498503 0.463576 0.134731 0.450331
0 0.700599 0.387417 0.095808 0.364238
0 0.821856 0.350993 0.080838 0.291391
0 0.904192 0.331126 0.059880 0.264901
0 0.967066 0.314570 0.053892 0.218543
0 0.336066 0.349638 0.333333 0.431159
0 0.479412 0.420354 0.288235 0.575221
0 0.285441 0.632124 0.203065 0.455959
0 0.500000 0.491803 0.389091 0.918033
0 0.587273 0.524590 0.352727 0.732240
0 0.437063 0.522727 0.160839 0.795455
0 0.599650 0.528409 0.178322 0.795455
0 0.312937 0.752841 0.171329 0.448864
0 0.723776 0.767045 0.160839 0.465909
0 0.340000 0.461310 0.346667 0.910714
0 0.681667 0.517857 0.276667 0.738095
0 0.661348 0.556180 0.329787 0.696629
0 0.328467 0.567935 0.291971 0.788043
0 0.150579 0.613402 0.146718 0.381443
0 0.397683 0.768041 0.185328 0.463918
0 0.382239 0.335052 0.146718 0.402062
0 0.530888 0.319588 0.127413 0.391753
0 0.676471 0.783333 0.422460 0.433333
0 0.275401 0.783333 0.379679 0.433333
0 0.724599 0.233333 0.401070 0.451852
0 0.144737 0.761905 0.166667 0.476190
0 0.779240 0.710884 0.154971 0.482993
0 0.527778 0.687075 0.143275 0.448980
0 0.399123 0.744898 0.149123 0.482993
0 0.206967 0.529126 0.258197 0.475728
0 0.858607 0.519417 0.200820 0.417476
0 0.222008 0.474227 0.359073 0.907216
0 0.167273 0.489071 0.327273 0.967213
0 0.300000 0.493333 0.431111 0.817778
0 0.703636 0.459016 0.309091 0.688525
0 0.563636 0.489071 0.130909 0.333333
0 0.038610 0.487113 0.069498 0.262887
0 0.098456 0.402062 0.081081 0.195876
0 0.680000 0.489071 0.363636 0.901639
0 0.561129 0.677215 0.087774 0.329114
0 0.702341 0.526786 0.341137 0.910714
0 0.511111 0.540000 0.373333 0.671111
0 0.611111 0.266667 0.368889 0.488889
0 0.208889 0.495556 0.373333 0.484444
0 0.526667 0.495556 0.404444 0.733333
0 0.491803 0.509091 0.546448 0.698182
0 0.508889 0.513333 0.404444 0.662222
0 0.302536 0.412568 0.221014 0.617486
0 0.504065 0.600000 0.382114 0.643902
0 0.230263 0.441176 0.276316 0.638009
0 0.651316 0.595023 0.320175 0.529412
0 0.720000 0.804444 0.186667 0.311111
0 0.908889 0.835556 0.173333 0.266667
0 0.495556 0.491111 0.600000 0.973333
0 0.497573 0.502041 0.985437 0.987755
0 0.517857 0.493304 0.651786 0.977679
0 0.491429 0.500000 0.777143 0.951389
0 0.502577 0.528958 0.572165 0.926641
0 0.504444 0.497778 0.546667 0.728889
0 0.495556 0.484444 0.520000 0.844444
0 0.500000 0.514881 0.306667 0.791667
0 0.500000 0.409794 0.212355 0.427835
0 0.687259 0.626289 0.138996 0.252577
0 0.320463 0.525773 0.177606 0.319588
0 0.506667 0.515556 0.568889 0.844444
0 0.500000 0.501613 0.975460 0.990323
0 0.502222 0.502222 0.720000 0.995556
0 0.782609 0.565574 0.396135 0.729508
0 0.173913 0.442623 0.318841 0.737705
0 0.212803 0.468391 0.252595 0.649425
0 0.444637 0.459770 0.231834 0.609195
0 0.638408 0.465517 0.217993 0.574713
0 0.816609 0.465517 0.214533 0.540230
0 0.250836 0.497024 0.307692 0.863095
0 0.585284 0.482143 0.247492 0.892857
0 0.857860 0.497024 0.277592 0.898810
0 0.400000 0.557778 0.542222 0.644444
0 0.477778 0.531111 0.493333 0.902222
0 0.685455 0.751366 0.221818 0.497268
0 0.332727 0.420765 0.149091 0.316940
0 0.203636 0.295082 0.087273 0.229508
0 0.618182 0.551913 0.232727 0.612022
0 0.497778 0.493333 0.542222 0.960000
0 0.518041 0.511583 0.634021 0.691120
0 0.512500 0.496667 0.875000 0.926667
0 0.496914 0.509646 0.981481 0.967846
0 0.504444 0.493333 0.502222 0.960000
0 0.488889 0.500000 0.471111 0.848889
0 0.495556 0.495556 0.413333 0.884444
0 0.704152 0.454023 0.252595 0.689655
0 0.435986 0.689655 0.373702 0.379310
0 0.313149 0.330460 0.224913 0.591954
0 0.286667 0.284444 0.208889 0.373333
0 0.808889 0.306667 0.213333 0.346667
0 0.837778 0.715556 0.200000 0.417778
0 0.400000 0.708889 0.213333 0.404444
0 0.639535 0.485106 0.544186 0.842553
0 0.604444 0.540000 0.408889 0.875556
0 0.506667 0.502222 0.711111 0.995556
0 0.494318 0.505226 0.977273 0.989547
0 0.511111 0.500000 0.488889 0.991111
0 0.700000 0.460976 0.355102 0.824390
0 0.326531 0.556098 0.293878 0.653659
0 0.500000 0.502222 0.582222 0.995556
0 0.262222 0.551111 0.320000 0.604444
0 0.508170 0.487879 0.388889 0.854545
0 0.486667 0.497778 0.484444 0.942222
0 0.504444 0.506667 0.706667 0.986667
0 0.506550 0.493182 0.541485 0.968182
0 0.506667 0.542222 0.471111 0.880000
0 0.628889 0.251111 0.244444 0.448889
0 0.368889 0.246667 0.248889 0.440000
0 0.755556 0.684444 0.248889 0.435556
0 0.506667 0.677778 0.240000 0.431111
0 0.262222 0.680000 0.240000 0.444444
0 0.670909 0.510929 0.316364 0.901639
0 0.345455 0.497268 0.305455 0.918033
0 0.353093 0.561776 0.479381 0.729730
0 0.600515 0.654440 0.458763 0.660232
0 0.340206 0.301158 0.195876 0.216216
0 0.500000 0.496743 0.987805 0.980456
0 0.526860 0.528846 0.549587 0.692308
0 0.506667 0.493333 0.951111 0.977778
0 0.243182 0.283843 0.304545 0.471616
0 0.790909 0.604803 0.309091 0.441048
0 0.538117 0.688053 0.762332 0.411504
0 0.658182 0.450820 0.305455 0.726776
0 0.303636 0.554645 0.265455 0.617486
0 0.248889 0.624444 0.222222 0.475556
0 0.522222 0.457778 0.146667 0.311111
0 0.720000 0.337778 0.106667 0.204444
0 0.702273 0.567686 0.486364 0.786026
0 0.270455 0.388646 0.422727 0.751092
0 0.502732 0.552727 0.590164 0.785455
0 0.595628 0.215580 0.273224 0.329710
0 0.442623 0.632246 0.513661 0.525362
0 0.546332 0.430412 0.274131 0.489691
0 0.504444 0.502222 0.617778 0.995556
0 0.488372 0.496575 0.953488 0.972603
0 0.860000 0.731111 0.244444 0.493333
0 0.617778 0.737778 0.231111 0.497778
0 0.484375 0.494275 0.687500 0.980916
0 0.757261 0.473684 0.427386 0.870813
0 0.261411 0.500000 0.464730 0.904306
0 0.211111 0.482222 0.360000 0.822222
0 0.551111 0.568889 0.320000 0.640000
0 0.853333 0.660000 0.257778 0.413333
0 0.184444 0.520089 0.280000 0.575893
0 0.193333 0.448889 0.297778 0.657778
0 0.533333 0.520000 0.293333 0.497778
0 0.822222 0.602222 0.204444 0.333333
0 0.518908 0.507075 0.516807 0.702830
0 0.500000 0.483333 0.904762 0.933333
0 0.695556 0.604444 0.342222 0.595556
0 0.317778 0.493333 0.448889 0.844444
0 0.516667 0.489286 0.711111 0.842857
0 0.502326 0.467949 0.725581 0.807692
0 0.465455 0.196721 0.109091 0.295082
0 0.110909 0.546448 0.192727 0.524590
0 0.205000 0.577381 0.376667 0.511905
0 0.875000 0.764881 0.170000 0.351190
0 0.502732 0.467391 0.579235 0.695652
0 0.301020 0.517442 0.571429 0.856589
0 0.494845 0.488417 0.721649 0.945946
0 0.482222 0.502222 0.413333 0.995556
0 0.508000 0.422886 0.280000 0.646766
0 0.496667 0.434524 0.313333 0.845238
0 0.469091 0.551913 0.283636 0.655738
0 0.707273 0.322404 0.170909 0.415301
0 0.843636 0.193989 0.109091 0.278689
0 0.484444 0.495556 0.613333 0.982222
0 0.557292 0.460000 0.295139 0.725714
0 0.851111 0.264444 0.262222 0.351111
0 0.222222 0.606667 0.400000 0.600000
0 0.500000 0.496667 0.904762 0.966667
0 0.523077 0.455598 0.420513 0.741313
0 0.487552 0.507177 0.485477 0.956938
0 0.376866 0.505319 0.320896 0.797872
0 0.443503 0.401754 0.672316 0.564912
0 0.740000 0.397778 0.271111 0.520000
0 0.262222 0.404444 0.311111 0.542222
0 0.506667 0.515556 0.346667 0.711111
0 0.500000 0.500000 0.987805 0.984000
0 0.256198 0.478365 0.504132 0.937500
0 0.476667 0.595238 0.220000 0.666667
0 0.845238 0.687500 0.290476 0.450000
0 0.276190 0.583333 0.504762 0.808333
0 0.585714 0.416667 0.409524 0.825000
0 0.580386 0.496914 0.299035 0.981481
0 0.873333 0.695556 0.226667 0.555556
0 0.862934 0.502577 0.243243 0.891753
0 0.138996 0.505155 0.254826 0.876289
0 0.500000 0.502222 0.564444 0.942222
0 0.489627 0.502392 0.473029 0.956938
0 0.842857 0.689583 0.295238 0.462500
0 0.522727 0.528846 0.549587 0.673077
0 0.500000 0.507246 0.989071 0.985507
0 0.486667 0.504444 0.493333 0.955556
0 0.517467 0.493182 0.563319 0.968182
0 0.684959 0.436275 0.467480 0.480392
0 0.477444 0.440000 0.699248 0.700000
0 0.605670 0.654440 0.510309 0.652510
0 0.500000 0.503257 0.987805 0.993485
0 0.531390 0.699115 0.757848 0.407080
0 0.526316 0.491701 0.755981 0.867220
0 0.810945 0.342629 0.358209 0.677291
0 0.194030 0.340637 0.368159 0.673307
0 0.502488 0.665339 0.358209 0.669323
0 0.851111 0.364444 0.200000 0.328889
0 0.675556 0.375556 0.222222 0.377778
0 0.506667 0.406667 0.266667 0.528889
0 0.288889 0.497778 0.480000 0.906667
0 0.251111 0.626667 0.217778 0.462222
0 0.520000 0.460000 0.133333 0.306667
0 0.633333 0.382222 0.111111 0.240000
0 0.713333 0.335556 0.084444 0.191111
0 0.795556 0.282222 0.071111 0.146667
0 0.842222 0.255556 0.057778 0.111111
0 0.652727 0.445355 0.294545 0.748634
0 0.300000 0.551913 0.258182 0.622951
0 0.495556 0.497778 0.493333 0.826667
0 0.502222 0.497778 0.542222 0.942222
0 0.586207 0.652850 0.620690 0.507772
0 0.268199 0.479275 0.329502 0.585492
0 0.490909 0.456522 0.145455 0.510870
0 0.476804 0.488417 0.634021 0.876448
0 0.182222 0.515625 0.275556 0.593750
0 0.373333 0.622768 0.328889 0.584821
0 0.700000 0.622768 0.324444 0.584821
0 0.522222 0.522321 0.200000 0.580357
0 0.506667 0.493333 0.613333 0.693333
0 0.508889 0.500000 0.600000 0.991111
0 0.685520 0.576754 0.502262 0.583333
0 0.298643 0.335526 0.407240 0.513158
0 0.480695 0.502577 0.528958 0.994845
0 0.510929 0.471014 0.584699 0.673913
0 0.757261 0.471292 0.427386 0.856459
0 0.263485 0.495215 0.477178 0.913876
0 0.804444 0.302222 0.177778 0.328889
0 0.280000 0.288889 0.213333 0.364444
0 0.393333 0.711111 0.208889 0.408889
0 0.833333 0.708889 0.191111 0.404444
0 0.544402 0.435567 0.270270 0.500000
0 0.479167 0.482824 0.583333 0.774809
0 0.502994 0.503322 0.922156 0.953488
0 0.138996 0.476804 0.239382 0.695876
0 0.687259 0.481959 0.239382 0.706186
0 0.502222 0.544444 0.488889 0.760000
0 0.467273 0.513661 0.243636 0.644809
0 0.506667 0.486667 0.373333 0.706667
0 0.375000 0.227749 0.128788 0.298429
0 0.431338 0.590395 0.165493 0.491525
0 0.588028 0.686441 0.197183 0.570621
0 0.528889 0.477778 0.613333 0.884444
0 0.817778 0.593333 0.320000 0.475556
0 0.555556 0.597778 0.337778 0.546667
0 0.231111 0.511111 0.435556 0.835556
0 0.709030 0.529762 0.307692 0.845238
0 0.488889 0.497778 0.515556 0.720000
0 0.475000 0.454545 0.731818 0.827273
0 0.502632 0.501969 0.605263 0.775591
0 0.509542 0.518229 0.370229 0.953125
0 0.492228 0.501916 0.922280 0.919540
0 0.494536 0.503636 0.540984 0.680000
0 0.426641 0.497423 0.289575 0.984536
0 0.675725 0.538251 0.373188 0.879781
0 0.657244 0.553371 0.318021 0.679775
0 0.840000 0.808889 0.204444 0.346667
0 0.553333 0.206667 0.280000 0.315556
0 0.295556 0.502222 0.573333 0.844444
0 0.502222 0.515556 0.400000 0.657778
0 0.165455 0.592896 0.141818 0.398907
0 0.289091 0.366120 0.083636 0.207650
0 0.449091 0.535519 0.120000 0.360656
0 0.612727 0.513661 0.112727 0.316940
0 0.727273 0.527322 0.109091 0.322404
0 0.453608 0.496139 0.639175 0.822394
0 0.505650 0.468421 0.807910 0.845614
0 0.334545 0.442623 0.261818 0.633880
0 0.115269 0.642384 0.188623 0.675497
0 0.497006 0.453642 0.125749 0.470199
0 0.700599 0.384106 0.107784 0.370861
0 0.821856 0.341060 0.080838 0.284768
0 0.904192 0.321192 0.065868 0.245033
0 0.968563 0.314570 0.056886 0.205298
0 0.308743 0.347826 0.311475 0.434783
0 0.300725 0.409836 0.210145 0.579235
0 0.476471 0.411504 0.294118 0.575221
0 0.283525 0.629534 0.199234 0.461140
0 0.500000 0.491803 0.403636 0.928962
0 0.580000 0.530055 0.345455 0.743169
0 0.725524 0.755682 0.157343 0.431818
0 0.802448 0.616477 0.129371 0.630682
0 0.604895 0.531250 0.174825 0.789773
0 0.435315 0.525568 0.164336 0.801136
0 0.311189 0.738636 0.153846 0.454545
0 0.234266 0.607955 0.125874 0.613636
0 0.678333 0.520833 0.276667 0.744048
0 0.341667 0.458333 0.323333 0.892857
0 0.654255 0.547753 0.322695 0.691011
0 0.326255 0.440722 0.521236 0.778351
0 0.135965 0.761905 0.149123 0.476190
0 0.397661 0.741497 0.134503 0.476190
0 0.532164 0.687075 0.105263 0.448980
0 0.776316 0.693878 0.108187 0.448980
0 0.234649 0.450226 0.258772 0.638009
0 0.655702 0.595023 0.293860 0.547511
0 0.469298 0.488688 0.245614 0.633484
0 0.196721 0.526699 0.229508 0.451456
0 0.856557 0.512136 0.196721 0.393204
0 0.223938 0.476804 0.362934 0.891753
0 0.295556 0.493333 0.413333 0.808889
0 0.655556 0.677778 0.502222 0.466667
0 0.712727 0.461749 0.334545 0.693989
0 0.567273 0.486339 0.145455 0.349727
0 0.412727 0.505464 0.061818 0.136612
0 0.170909 0.497268 0.050909 0.120219
0 0.345455 0.505464 0.043636 0.114754
0 0.476364 0.510929 0.050909 0.191257
0 0.502033 0.595122 0.345528 0.643902
0 0.328467 0.576087 0.291971 0.782609
0 0.500000 0.416667 0.374046 0.687500
0 0.548969 0.276062 0.438144 0.536680
0 0.500000 0.504082 0.990291 0.991837
0 0.683636 0.491803 0.378182 0.907104
0 0.367273 0.497268 0.392727 0.983607
0 0.488889 0.486667 0.560000 0.964444
0 0.497778 0.517778 0.631111 0.964444
0 0.445652 0.519231 0.340580 0.928571
0 0.840580 0.255495 0.065217 0.159341
0 0.493333 0.500000 0.400000 0.591111
0 0.515625 0.495536 0.620536 0.973214
0 0.827273 0.245902 0.149091 0.262295
0 0.778182 0.573770 0.167273 0.382514
0 0.645455 0.445355 0.149091 0.333333
0 0.456456 0.599338 0.240240 0.695364
0 0.198198 0.440397 0.162162 0.403974
0 0.100386 0.662371 0.084942 0.231959
0 0.185328 0.567010 0.084942 0.206186
0 0.250965 0.492268 0.069498 0.149485
0 0.289575 0.453608 0.038610 0.113402
0 0.723938 0.577320 0.081081 0.185567
0 0.781853 0.505155 0.050193 0.134021
0 0.635135 0.670103 0.081081 0.206186
0 0.824324 0.448454 0.034749 0.092784
0 0.506098 0.431707 0.621951 0.687805
0 0.702341 0.535714 0.347826 0.916667
0 0.592896 0.606884 0.387978 0.445652
0 0.454198 0.580729 0.190840 0.505208
0 0.648855 0.473958 0.091603 0.229167
0 0.149573 0.527778 0.222222 0.527778
0 0.284188 0.590278 0.192308 0.560185
0 0.401709 0.798611 0.162393 0.300926
0 0.591880 0.756944 0.200855 0.393519
0 0.724359 0.594907 0.209402 0.560185
0 0.856838 0.525463 0.192308 0.541667
0 0.485043 0.523148 0.166667 0.518519
0 0.507273 0.469945 0.221818 0.524590
0 0.479381 0.501931 0.649485 0.996139
0 0.656371 0.445876 0.247104 0.427835
0 0.494286 0.506944 0.760000 0.944444
0 0.374545 0.543716 0.276364 0.748634
0 0.660714 0.239130 0.535714 0.471572
0 0.495556 0.560000 0.395556 0.657778
0 0.502577 0.451737 0.149485 0.208494
0 0.497423 0.532819 0.561856 0.918919
0 0.215909 0.724432 0.159091 0.278409
0 0.477273 0.727273 0.200000 0.295455
0 0.759091 0.735795 0.163636 0.312500
0 0.488889 0.784444 0.160000 0.297778
0 0.711111 0.717778 0.106667 0.191111
0 0.502222 0.502222 0.257778 0.631111
0 0.142222 0.328889 0.231111 0.577778
0 0.404444 0.328889 0.240000 0.560000
0 0.608889 0.288889 0.186667 0.560000
0 0.753333 0.320000 0.226667 0.586667
0 0.897778 0.291111 0.186667 0.564444
0 0.275556 0.293333 0.142222 0.560000
0 0.623552 0.368557 0.096525 0.262887
0 0.787645 0.541237 0.162162 0.422680
0 0.227799 0.373711 0.108108 0.262887
0 0.106178 0.567010 0.158301 0.474227
0 0.486667 0.511111 0.297778 0.408889
0 0.797872 0.606145 0.127660 0.497207
0 0.636525 0.226257 0.102837 0.296089
0 0.833333 0.134078 0.078014 0.223464
0 0.304965 0.511173 0.177305 0.541899
0 0.131206 0.195531 0.127660 0.346369
0 0.418333 0.494048 0.276667 0.797619
0 0.626667 0.502976 0.306667 0.529762
0 0.497778 0.502222 0.711111 0.951111
0 0.382239 0.396907 0.131274 0.309278
0 0.795367 0.703608 0.277992 0.551546
0 0.532819 0.510309 0.301158 0.948454
0 0.077220 0.396907 0.146718 0.659794
0 0.218147 0.520619 0.328185 0.876289
0 0.476064 0.428000 0.420213 0.760000
0 0.149351 0.247706 0.212121 0.431193
0 0.318182 0.543578 0.220779 0.426606
0 0.497835 0.763761 0.216450 0.426606
0 0.688312 0.538991 0.216450 0.444954
0 0.850649 0.250000 0.220779 0.417431
0 0.495671 0.250000 0.220779 0.426606
0 0.500000 0.493333 0.395556 0.728889
0 0.500000 0.500000 0.391304 0.976190
0 0.337629 0.438224 0.355670 0.467181
0 0.677835 0.399614 0.355670 0.544402
0 0.500000 0.706667 0.271111 0.524444
0 0.114478 0.449704 0.202020 0.532544
0 0.888889 0.461538 0.195286 0.520710
0 0.796429 0.375000 0.392857 0.737500
0 0.500000 0.501712 0.953488 0.969178
0 0.500000 0.547273 0.595628 0.789091
0 0.509390 0.500000 0.718310 0.881857
0 0.592896 0.219203 0.289617 0.322464
0 0.418033 0.623188 0.475410 0.543478
0 0.513333 0.506667 0.555556 0.844444
0 0.486667 0.500000 0.502222 0.937778
0 0.506135 0.496774 0.963190 0.987097
0 0.502222 0.502222 0.711111 0.995556
0 0.214533 0.459770 0.256055 0.643678
0 0.442907 0.459770 0.235294 0.597701
0 0.643599 0.459770 0.214533 0.540230
0 0.814879 0.451149 0.211073 0.511494
0 0.785024 0.555328 0.391304 0.733607
0 0.400966 0.622951 0.376812 0.737705
0 0.166667 0.450820 0.323671 0.745902
0 0.599034 0.383197 0.299517 0.741803
0 0.468889 0.528889 0.484444 0.906667
0 0.495000 0.580357 0.343333 0.565476
0 0.397778 0.557778 0.528889 0.644444
0 0.689091 0.751366 0.229091 0.497268
0 0.329091 0.423497 0.127273 0.300546
0 0.207273 0.300546 0.094545 0.240437
0 0.132727 0.232240 0.054545 0.191257
0 0.052727 0.166667 0.040000 0.125683
0 0.089091 0.196721 0.054545 0.142077
0 0.618182 0.549180 0.240000 0.617486
0 0.512887 0.519305 0.603093 0.660232
0 0.493750 0.493333 0.837500 0.920000
0 0.500000 0.506431 0.987654 0.987138
0 0.500000 0.495556 0.395556 0.875556
0 0.515556 0.486667 0.400000 0.786667
0 0.350515 0.563707 0.494845 0.741313
0 0.574742 0.422780 0.345361 0.590734
0 0.716495 0.341699 0.237113 0.528958
0 0.497778 0.495556 0.951111 0.973333
0 0.602222 0.537778 0.413333 0.871111
0 0.500000 0.498258 0.977273 0.975610
0 0.500000 0.502222 0.502222 0.986667
0 0.497778 0.502222 0.702222 0.995556
0 0.260000 0.548889 0.333333 0.582222
0 0.551111 0.511111 0.488889 0.826667
0 0.762222 0.446667 0.262222 0.777778
0 0.495556 0.502222 0.573333 0.995556
0 0.493333 0.508929 0.480000 0.866071
0 0.500000 0.500000 0.466667 0.946667
0 0.495556 0.544444 0.466667 0.875556
0 0.486667 0.502222 0.431111 0.853333
0 0.497778 0.502222 0.675556 0.968889
0 0.360000 0.246667 0.248889 0.448889
0 0.626667 0.244444 0.240000 0.444444
0 0.257778 0.680000 0.240000 0.444444
0 0.502222 0.682222 0.231111 0.448889
0 0.751111 0.684444 0.240000 0.444444
0 0.341818 0.502732 0.305455 0.918033
0 0.665455 0.510929 0.305455 0.890710
0 0.451737 0.680412 0.447876 0.474227
0 0.689189 0.438144 0.328185 0.567010
0 0.639535 0.485106 0.544186 0.851064
0 0.286667 0.335556 0.440000 0.662222
0 0.118721 0.519565 0.210046 0.291304
0 0.888128 0.519565 0.196347 0.282609
0 0.342222 0.553333 0.382222 0.786667
0 0.713333 0.420000 0.395556 0.768889
0 0.111111 0.391111 0.177778 0.311111
0 0.866667 0.397778 0.177778 0.324444
0 0.493333 0.497778 0.195556 0.417778
0 0.795556 0.326667 0.293333 0.528889
0 0.546667 0.315556 0.293333 0.560000
0 0.288889 0.322222 0.302222 0.573333
0 0.106667 0.282222 0.186667 0.351111
0 0.877778 0.273333 0.208889 0.351111
0 0.104444 0.280000 0.200000 0.284444
0 0.891111 0.282222 0.208889 0.306667
0 0.902222 0.724444 0.186667 0.311111
0 0.095556 0.720000 0.182222 0.302222
0 0.497778 0.500000 0.524444 0.804444
0 0.477778 0.477778 0.493333 0.653333
0 0.486667 0.524444 0.546667 0.871111
0 0.704444 0.493333 0.368889 0.817778
0 0.315556 0.511111 0.391111 0.871111
0 0.686667 0.597778 0.324444 0.653333
0 0.320000 0.597778 0.328889 0.644444
0 0.266667 0.413333 0.471111 0.817778
0 0.771111 0.315556 0.155556 0.293333
0 0.264444 0.491111 0.253333 0.431111
0 0.300000 0.533333 0.413333 0.853333
0 0.204444 0.440000 0.391111 0.800000
0 0.302676 0.526786 0.137124 0.351190
0 0.737458 0.645833 0.237458 0.625000
0 0.117057 0.470238 0.100334 0.261905
0 0.035117 0.461310 0.063545 0.232143
0 0.157778 0.674107 0.200000 0.348214
0 0.382222 0.622768 0.248889 0.433036
0 0.620000 0.578125 0.253333 0.486607
0 0.842222 0.531250 0.271111 0.553571
0 0.386100 0.502577 0.270270 0.603093
0 0.795367 0.360825 0.293436 0.649485
0 0.244444 0.404444 0.435556 0.800000
0 0.502222 0.460000 0.293333 0.511111
0 0.941176 0.656566 0.117647 0.282828
0 0.731373 0.590909 0.090196 0.242424
0 0.578431 0.547980 0.074510 0.196970
0 0.464706 0.505051 0.066667 0.181818
0 0.386275 0.482323 0.050980 0.166667
0 0.325490 0.472222 0.039216 0.136364
0 0.280392 0.459596 0.035294 0.121212
0 0.235294 0.439394 0.039216 0.131313
0 0.201961 0.449495 0.027451 0.101010
0 0.174510 0.436869 0.019608 0.085859
0 0.149020 0.431818 0.015686 0.085859
0 0.233333 0.377778 0.342222 0.666667
0 0.328767 0.497826 0.301370 0.613043
0 0.347737 0.555556 0.234568 0.570048
0 0.654321 0.599034 0.271605 0.589372
0 0.508889 0.517778 0.564444 0.884444
0 0.511785 0.502959 0.235690 0.911243
0 0.511111 0.513333 0.577778 0.946667
0 0.501953 0.697970 0.300781 0.593909
0 0.315556 0.393333 0.355556 0.671111
0 0.124444 0.373333 0.195556 0.257778
0 0.286667 0.568889 0.200000 0.284444
0 0.733333 0.571111 0.177778 0.280000
0 0.882222 0.375556 0.200000 0.262222
0 0.755556 0.502222 0.293333 0.560000
0 0.213333 0.504444 0.320000 0.555556
0 0.495556 0.493333 0.608889 0.880000
0 0.502222 0.504444 0.408889 0.795556
0 0.275556 0.448889 0.391111 0.711111
0 0.246667 0.346667 0.360000 0.666667
0 0.468889 0.533333 0.555556 0.808889
0 0.278333 0.550595 0.243333 0.672619
0 0.518333 0.565476 0.190000 0.654762
0 0.735000 0.559524 0.216667 0.642857
0 0.495556 0.502222 0.493333 0.871111
0 0.508811 0.344595 0.303965 0.536036
0 0.526786 0.231667 0.279762 0.296667
0 0.395833 0.491667 0.255952 0.250000
0 0.651786 0.495000 0.244048 0.250000
0 0.300595 0.710000 0.244048 0.233333
0 0.529762 0.706667 0.190476 0.220000
0 0.741071 0.708333 0.232143 0.216667
0 0.545455 0.816940 0.130909 0.366120
0 0.376364 0.592896 0.083636 0.234973
0 0.325455 0.472678 0.054545 0.169399
0 0.735556 0.544444 0.431111 0.777778
0 0.491228 0.495475 0.622807 0.972851
0 0.260000 0.484444 0.502222 0.933333
0 0.746667 0.480000 0.480000 0.906667
0 0.177778 0.568889 0.346667 0.640000
0 0.882222 0.328889 0.226667 0.444444
0 0.297778 0.528889 0.408889 0.648889
0 0.671111 0.462222 0.400000 0.622222
0 0.179537 0.541237 0.166023 0.350515
0 0.862934 0.546392 0.173745 0.329897
0 0.244444 0.328889 0.364444 0.542222
0 0.474886 0.504348 0.511416 0.965217
0 0.632504 0.613776 0.021092 0.083641
0 0.682755 0.574468 0.043384 0.167710
0 0.554230 0.387985 0.014100 0.055069
0 0.524946 0.358573 0.006508 0.036295
0 0.518980 0.346683 0.006508 0.032541
0 0.755910 0.669345 0.064871 0.236094
0 0.581638 0.433251 0.017592 0.072930
0 0.560473 0.398640 0.013744 0.060569
0 0.117647 0.624227 0.059373 0.133498
0 0.301029 0.407453 0.018408 0.052174
0 0.372037 0.458955 0.016703 0.057214
0 0.648707 0.500622 0.020474 0.063433
0 0.424415 0.664627 0.027732 0.095471
0 0.441001 0.603427 0.020663 0.073439
0 0.438554 0.548348 0.017945 0.056304
0 0.626143 0.577307 0.025820 0.117207
0 0.594675 0.579800 0.022055 0.114713
0 0.392531 0.487021 0.031703 0.118665
0 0.743382 0.713836 0.017288 0.081761
0 0.266343 0.616981 0.010805 0.049057
0 0.561489 0.869888 0.012945 0.054523
0 0.257960 0.626866 0.033459 0.131841
0 0.686290 0.709975 0.029570 0.107143
0 0.637097 0.619458 0.020430 0.073892
0 0.573656 0.516626 0.009677 0.035714
0 0.111860 0.670655 0.033962 0.107053
0 0.117394 0.706173 0.043080 0.140741
0 0.133010 0.637654 0.031233 0.112346
0 0.239634 0.650617 0.030156 0.118519
0 0.250135 0.604938 0.019925 0.098765
0 0.847931 0.853933 0.058033 0.152310
0 0.757926 0.695381 0.034927 0.097378
0 0.618216 0.650437 0.019882 0.069913
0 0.412681 0.666042 0.020419 0.081149
0 0.623913 0.556875 0.014130 0.043750
0 0.583424 0.563125 0.013587 0.043750
0 0.535326 0.563125 0.015217 0.048750
0 0.481152 0.586272 0.013463 0.061713
0 0.469844 0.559194 0.010232 0.047859
0 0.315632 0.565271 0.017974 0.059113
0 0.289946 0.578849 0.021196 0.068836
0 0.206332 0.634712 0.037118 0.096491
0 0.231168 0.613409 0.028930 0.091479
0 0.772334 0.667500 0.038441 0.112500
0 0.742834 0.901551 0.061114 0.165871
0 0.444444 0.502484 0.019417 0.083230
0 0.459913 0.568579 0.010834 0.042394
0 0.449892 0.596633 0.014626 0.048628
0 0.516358 0.632463 0.033806 0.135572
0 0.578218 0.444720 0.014666 0.057143
0 0.567898 0.415528 0.013580 0.045963
0 0.704362 0.680297 0.037695 0.101611
0 0.609047 0.560099 0.017232 0.057001
0 0.554658 0.493185 0.008616 0.032218
0 0.871290 0.460821 0.029682 0.065920
0 0.674569 0.630731 0.029095 0.101611
0 0.630388 0.542751 0.022629 0.071871
0 0.567080 0.439901 0.009159 0.034696
0 0.821988 0.759891 0.055646 0.166439
0 0.291464 0.682128 0.029714 0.100955
0 0.577675 0.471918 0.017925 0.075342
0 0.702695 0.587905 0.026415 0.108479
0 0.533693 0.594763 0.031267 0.137157
0 0.290566 0.593516 0.035580 0.154613
0 0.336137 0.919274 0.041780 0.136421
0 0.424579 0.842303 0.030928 0.117647
0 0.369330 0.896396 0.041037 0.135135
0 0.462203 0.755631 0.022678 0.072072
0 0.498650 0.703266 0.015659 0.052928
0 0.526728 0.667230 0.010259 0.039414
0 0.539147 0.652590 0.007019 0.034910
0 0.551296 0.635698 0.006479 0.028153
0 0.558585 0.625563 0.004860 0.025901
0 0.563985 0.617117 0.005940 0.024775
0 0.613264 0.515528 0.018013 0.059627
0 0.445587 0.594645 0.017325 0.063512
0 0.459394 0.570361 0.012453 0.054795
0 0.713283 0.561884 0.047516 0.131435
