1 0.022396 0.693981 0.014583 0.152778
1 0.195833 0.602315 0.007292 0.102778
1 0.294531 0.551389 0.004687 0.075000
1 0.339844 0.527778 0.003646 0.059259
1 0.778125 0.771759 0.018750 0.195370
1 0.748698 0.720833 0.016146 0.169444
1 0.727344 0.684722 0.013021 0.147222
1 0.710677 0.654167 0.008854 0.126852
1 0.697396 0.630556 0.009375 0.111111
1 0.686719 0.610648 0.008854 0.100926
1 0.677083 0.595833 0.008333 0.091667
1 0.903385 0.714352 0.016146 0.152778
1 0.834635 0.657870 0.009896 0.123148
1 0.790104 0.623148 0.006250 0.101852
1 0.712240 0.564815 0.004687 0.062963
1 0.697917 0.551852 0.003125 0.059259
1 0.891667 0.820370 0.022917 0.192593
1 0.838021 0.771759 0.021875 0.195370
1 0.796875 0.720833 0.014583 0.165741
1 0.766927 0.681944 0.010937 0.145370
1 0.742448 0.654630 0.008854 0.129630
1 0.723177 0.627778 0.006771 0.112963
1 0.706250 0.612963 0.005208 0.103704
1 0.694271 0.596296 0.007292 0.094444
1 0.683594 0.576389 0.004687 0.075000
1 0.674479 0.564815 0.004167 0.066667
1 0.868750 0.780556 0.020833 0.201852
1 0.824219 0.728241 0.015104 0.173148
1 0.788542 0.687500 0.010417 0.147222
1 0.760156 0.658333 0.010937 0.131481
1 0.738281 0.634259 0.007812 0.120370
1 0.719792 0.614815 0.007292 0.105556
1 0.703646 0.599537 0.005208 0.093519
1 0.690885 0.580093 0.005729 0.071296
1 0.680208 0.569907 0.005208 0.065741
1 0.669271 0.557870 0.004167 0.058333
1 0.661458 0.552778 0.004167 0.061111
1 0.654427 0.549074 0.003646 0.062963
1 0.947396 0.819444 0.018750 0.177778
1 0.881250 0.778241 0.020833 0.195370
1 0.835417 0.728241 0.017708 0.171296
1 0.795573 0.689815 0.014063 0.151852
1 0.764844 0.658796 0.009896 0.130556
1 0.741146 0.634722 0.009375 0.117593
1 0.721875 0.614815 0.008333 0.107407
1 0.705729 0.597222 0.007292 0.096296
1 0.197396 0.693981 0.010417 0.154630
1 0.325781 0.590278 0.005729 0.087963
1 0.245833 0.645833 0.009375 0.125000
1 0.215365 0.606019 0.006771 0.102778
1 0.157552 0.754167 0.019271 0.191667
1 0.228906 0.681481 0.013021 0.146296
1 0.290104 0.628241 0.008333 0.113889
1 0.331510 0.593981 0.005729 0.095370
1 0.361979 0.568056 0.006250 0.078704
1 0.384115 0.551389 0.005729 0.067593
1 0.401823 0.536574 0.003646 0.062037
1 0.143750 0.728704 0.018750 0.177778
1 0.236198 0.658796 0.008854 0.132407
1 0.291667 0.613889 0.008333 0.111111
1 0.331510 0.582870 0.005729 0.089815
1 0.108333 0.754630 0.016667 0.188889
1 0.207292 0.680556 0.011458 0.144444
1 0.277604 0.630093 0.009375 0.112037
1 0.321615 0.596759 0.008854 0.097222
1 0.379688 0.555556 0.005208 0.070370
1 0.355729 0.571296 0.006250 0.075926
1 0.399740 0.541204 0.004687 0.060185
1 0.085938 0.787500 0.019792 0.213889
1 0.208854 0.693981 0.010417 0.152778
1 0.280469 0.638889 0.008854 0.116667
1 0.328646 0.601852 0.006250 0.096296
1 0.361198 0.575926 0.004687 0.085185
1 0.386719 0.556944 0.005729 0.071296
1 0.406510 0.541204 0.004687 0.058333
1 0.942969 0.627778 0.011979 0.098148
1 0.036458 0.760648 0.029167 0.189815
1 0.150260 0.687500 0.014063 0.149074
1 0.226562 0.634722 0.009375 0.119444
1 0.278385 0.599074 0.008854 0.098148
1 0.240104 0.833333 0.027083 0.233333
1 0.333854 0.712500 0.015625 0.165741
1 0.382812 0.646296 0.009375 0.125926
1 0.414583 0.606481 0.006250 0.103704
1 0.433073 0.577315 0.005729 0.087963
1 0.448177 0.559259 0.004687 0.074074
1 0.315625 0.575000 0.005208 0.085185
1 0.344010 0.556481 0.004687 0.068519
1 0.365625 0.542130 0.004167 0.063889
1 0.035417 0.750000 0.022917 0.183333
1 0.145833 0.675000 0.012500 0.148148
1 0.258073 0.823611 0.020313 0.236111
1 0.340365 0.700000 0.011979 0.164815
1 0.223177 0.625926 0.010937 0.114815
1 0.275000 0.590741 0.007292 0.096296
1 0.386458 0.641204 0.008333 0.125000
1 0.315625 0.565278 0.006250 0.080556
1 0.345573 0.549074 0.005729 0.070370
1 0.417448 0.595833 0.006771 0.100926
1 0.436198 0.569444 0.005729 0.083333
1 0.943750 0.619907 0.011458 0.097222
1 0.316927 0.780556 0.020313 0.207407
1 0.387760 0.679630 0.013021 0.150000
1 0.420312 0.627315 0.008333 0.110185
1 0.445833 0.586111 0.007292 0.090741
1 0.456771 0.565278 0.006250 0.078704
1 0.977865 0.710648 0.017188 0.150926
1 0.900260 0.653241 0.013021 0.119444
1 0.838802 0.606019 0.009896 0.093519
1 0.761198 0.547222 0.004687 0.061111
1 0.734375 0.526389 0.004167 0.050926
1 0.924479 0.645833 0.009375 0.112037
1 0.836458 0.588426 0.011458 0.086111
1 0.898698 0.650926 0.011979 0.114815
1 0.820573 0.598611 0.007812 0.087963
1 0.463802 0.534722 0.003646 0.058333
1 0.431250 0.526852 0.005208 0.055556
1 0.209896 0.610185 0.015625 0.159259
1 0.298438 0.531019 0.009375 0.113889
1 0.733594 0.612037 0.016146 0.166667
1 0.668490 0.532407 0.010937 0.118519
1 0.215365 0.550926 0.011979 0.124074
1 0.334375 0.531019 0.010417 0.117593
1 0.378906 0.431944 0.004687 0.062037
1 0.398958 0.464815 0.005208 0.081481
1 0.419531 0.439352 0.005729 0.065741
1 0.625781 0.439352 0.006771 0.063889
1 0.648177 0.465278 0.008854 0.073148
1 0.794531 0.619907 0.014063 0.169444
1 0.712760 0.526389 0.009896 0.115741
1 0.168750 0.683796 0.028125 0.134259
1 0.231510 0.660185 0.021354 0.175926
1 0.269010 0.616204 0.014063 0.158333
1 0.301563 0.581481 0.014583 0.138889
1 0.326823 0.552778 0.009896 0.124074
1 0.347396 0.532407 0.009375 0.112963
1 0.365885 0.515741 0.007812 0.101852
1 0.379427 0.500463 0.008854 0.091667
1 0.391146 0.488889 0.006250 0.085185
1 0.402083 0.477778 0.004167 0.081481
1 0.411198 0.468056 0.005729 0.075000
1 0.418490 0.459722 0.003646 0.067593
1 0.425781 0.451852 0.003646 0.062963
1 0.432031 0.445833 0.003646 0.060185
1 0.343229 0.612500 0.008333 0.100926
1 0.332552 0.571296 0.005729 0.077778
1 0.355208 0.549537 0.004167 0.062037
1 0.384896 0.573148 0.004167 0.074074
1 0.293750 0.607870 0.007292 0.097222
1 0.415104 0.551389 0.005208 0.065741
1 0.758333 0.588889 0.016667 0.140741
1 0.710417 0.537037 0.013542 0.111111
1 0.680729 0.502778 0.010417 0.094444
1 0.656771 0.476852 0.008333 0.077778
1 0.643750 0.462037 0.007292 0.066667
1 0.629167 0.448611 0.009375 0.060185
1 0.618229 0.438889 0.004167 0.055556
1 0.942448 0.655093 0.024479 0.143519
1 0.849479 0.598148 0.021875 0.138889
1 0.787240 0.547685 0.017188 0.113889
1 0.741406 0.512037 0.015104 0.094444
1 0.705469 0.488426 0.011979 0.082407
1 0.662500 0.467130 0.007292 0.073148
1 0.628906 0.453241 0.004687 0.062037
1 0.618490 0.440741 0.004687 0.055556
1 0.609896 0.431019 0.004167 0.047222
1 0.790885 0.654630 0.017188 0.151852
1 0.719531 0.589352 0.020313 0.145370
1 0.675260 0.533333 0.016146 0.114815
1 0.644792 0.496759 0.011458 0.091667
1 0.629167 0.476389 0.006250 0.080556
1 0.614323 0.458796 0.004687 0.069444
1 0.602604 0.444444 0.004167 0.059259
1 0.673177 0.435185 0.003646 0.051852
1 0.658594 0.425463 0.003646 0.049074
1 0.919792 0.581944 0.020833 0.132407
1 0.840104 0.528704 0.011458 0.105556
1 0.740625 0.587500 0.014583 0.145370
1 0.786719 0.497685 0.008854 0.089815
1 0.749219 0.476389 0.007812 0.076852
1 0.694531 0.537037 0.010937 0.116667
1 0.659375 0.500926 0.015625 0.094444
1 0.639583 0.477778 0.011458 0.081481
1 0.623437 0.459259 0.010417 0.070370
1 0.609375 0.444907 0.007292 0.060185
1 0.785417 0.598611 0.021875 0.149074
1 0.708333 0.516667 0.015625 0.101852
1 0.678385 0.482407 0.011979 0.083333
1 0.656771 0.459259 0.011458 0.070370
1 0.641927 0.442130 0.004687 0.058333
1 0.684115 0.575000 0.013021 0.131481
1 0.670573 0.504630 0.007812 0.090741
1 0.141927 0.695370 0.008854 0.155556
1 0.208854 0.710185 0.012500 0.164815
1 0.233854 0.620833 0.007292 0.112037
1 0.283594 0.580093 0.005729 0.086111
1 0.305208 0.624537 0.008333 0.110185
1 0.360677 0.582407 0.009896 0.088889
1 0.397656 0.554630 0.005729 0.072222
1 0.426823 0.535648 0.005729 0.058333
1 0.318229 0.551389 0.005208 0.067593
1 0.339844 0.534722 0.003646 0.056481
1 0.355990 0.524074 0.002604 0.051852
1 0.058854 0.643056 0.020833 0.149074
1 0.171354 0.566204 0.013542 0.110185
1 0.238021 0.526389 0.008333 0.080556
1 0.277344 0.458796 0.003646 0.060185
1 0.313021 0.475463 0.006250 0.062037
1 0.285156 0.495370 0.005729 0.072222
1 0.023958 0.814352 0.026042 0.215741
1 0.042448 0.667593 0.010937 0.127778
1 0.133333 0.616204 0.007292 0.095370
1 0.202604 0.692593 0.011458 0.146296
1 0.308594 0.626389 0.008854 0.106481
1 0.557552 0.602315 0.005729 0.069444
1 0.497917 0.610648 0.006250 0.076852
1 0.438021 0.619907 0.007292 0.084259
1 0.376042 0.600000 0.005208 0.074074
1 0.385417 0.589352 0.005208 0.063889
1 0.363021 0.633333 0.007292 0.090741
1 0.915104 0.741667 0.022917 0.170370
1 0.831771 0.673611 0.014583 0.130556
1 0.776563 0.629167 0.010417 0.106481
1 0.705208 0.580556 0.006250 0.079630
1 0.682552 0.563426 0.005729 0.065741
1 0.124740 0.661111 0.016146 0.122222
1 0.168490 0.606019 0.004687 0.086111
1 0.261719 0.624537 0.010937 0.095370
1 0.280469 0.590278 0.004687 0.073148
1 0.354167 0.601389 0.008333 0.076852
1 0.416146 0.583333 0.005208 0.064815
1 0.461719 0.568519 0.003646 0.053704
1 0.476562 0.558796 0.003125 0.049074
1 0.497917 0.559259 0.004167 0.046296
1 0.050521 0.692593 0.015625 0.140741
1 0.130729 0.727778 0.021875 0.164815
1 0.227865 0.639815 0.011979 0.111111
1 0.291146 0.650926 0.013542 0.118519
1 0.349479 0.600000 0.006250 0.088889
1 0.388021 0.606019 0.007292 0.089815
1 0.429167 0.575000 0.005208 0.068519
1 0.032031 0.807870 0.030729 0.217593
1 0.187500 0.678704 0.013542 0.142593
1 0.240625 0.689352 0.019792 0.150926
1 0.329427 0.619907 0.014063 0.108333
1 0.359375 0.624074 0.011458 0.107407
1 0.415104 0.582870 0.011458 0.084259
1 0.430469 0.584722 0.013021 0.084259
1 0.474740 0.558333 0.007812 0.070370
1 0.501042 0.547685 0.006250 0.062037
1 0.135937 0.808796 0.028125 0.212037
1 0.262500 0.720370 0.025000 0.161111
1 0.341667 0.662963 0.017708 0.125926
1 0.393490 0.627778 0.014063 0.100000
1 0.429427 0.601389 0.010937 0.084259
1 0.455729 0.585185 0.007292 0.074074
1 0.475781 0.570833 0.005729 0.063889
1 0.142448 0.847685 0.036979 0.228704
1 0.270052 0.740278 0.023438 0.175000
1 0.346354 0.675926 0.022917 0.135185
1 0.394531 0.631944 0.015104 0.110185
1 0.427604 0.601389 0.012500 0.091667
1 0.450521 0.580556 0.012500 0.077778
1 0.468490 0.565741 0.007812 0.068519
1 0.482031 0.552315 0.008854 0.062037
1 0.910937 0.653704 0.012500 0.109259
1 0.813021 0.613889 0.010417 0.085185
1 0.740625 0.585185 0.005208 0.072222
1 0.693229 0.564352 0.004167 0.058333
1 0.965104 0.789352 0.026042 0.195370
1 0.816406 0.677778 0.018229 0.133333
1 0.731771 0.618981 0.008333 0.097222
1 0.681510 0.582870 0.005729 0.075000
1 0.875521 0.695370 0.017708 0.150000
1 0.781771 0.607407 0.016667 0.092593
1 0.732812 0.565741 0.005208 0.068519
1 0.979688 0.800463 0.028125 0.186111
1 0.871354 0.716667 0.019792 0.157407
1 0.798958 0.660648 0.013542 0.125000
1 0.720313 0.592130 0.005208 0.084259
1 0.695052 0.571296 0.003646 0.074074
1 0.861198 0.631944 0.007812 0.080556
1 0.789062 0.600000 0.006250 0.068519
1 0.737760 0.574537 0.006771 0.056481
1 0.876823 0.686574 0.017188 0.125000
1 0.777604 0.628241 0.012500 0.097222
1 0.714063 0.592593 0.009375 0.074074
1 0.654427 0.550926 0.005729 0.050000
1 0.676302 0.567593 0.006771 0.061111
1 0.272656 0.593519 0.015104 0.100000
1 0.832292 0.743056 0.021875 0.171296
1 0.738542 0.653241 0.015625 0.117593
1 0.688281 0.606019 0.008854 0.089815
1 0.146094 0.638889 0.017188 0.142593
1 0.322917 0.551852 0.004167 0.074074
1 0.198437 0.570833 0.013542 0.091667
1 0.931510 0.725926 0.010937 0.148148
1 0.835677 0.654630 0.010937 0.105556
1 0.317448 0.592593 0.011979 0.098148
1 0.353646 0.566667 0.010417 0.079630
1 0.379427 0.550000 0.008854 0.068519
1 0.401302 0.537037 0.007812 0.062963
1 0.984635 0.743981 0.024479 0.165741
1 0.906250 0.677315 0.019792 0.134259
1 0.824479 0.610648 0.011458 0.089815
1 0.961979 0.784722 0.023958 0.186111
1 0.781771 0.653704 0.010417 0.112963
1 0.798438 0.697222 0.012500 0.144444
1 0.704167 0.607870 0.007292 0.091667
1 0.658333 0.564815 0.005208 0.064815
1 0.782813 0.688426 0.013542 0.136111
1 0.697656 0.607870 0.008854 0.087963
1 0.654948 0.568056 0.005729 0.063889
1 0.841927 0.755093 0.024479 0.173148
1 0.719792 0.633796 0.012500 0.102778
1 0.665104 0.584259 0.006250 0.075926
1 0.809115 0.723148 0.020313 0.155556
1 0.759115 0.672222 0.017188 0.125926
1 0.717187 0.632407 0.008333 0.103704
1 0.688542 0.604630 0.007292 0.087037
1 0.666146 0.582407 0.006250 0.072222
1 0.650521 0.568056 0.004167 0.063889
1 0.948438 0.820833 0.020833 0.154630
1 0.168750 0.626852 0.012500 0.135185
1 0.225260 0.618981 0.007812 0.091667
1 0.285938 0.593981 0.005208 0.075000
1 0.327604 0.576389 0.005208 0.069444
1 0.360938 0.562037 0.004167 0.053704
1 0.092969 0.675000 0.009896 0.125926
1 0.194010 0.631019 0.011979 0.099074
1 0.259635 0.600926 0.008854 0.085185
1 0.309635 0.577778 0.005729 0.068519
1 0.073438 0.696296 0.016667 0.138889
1 0.248698 0.604167 0.005729 0.089815
1 0.300521 0.578704 0.006250 0.074074
1 0.336719 0.560648 0.004687 0.062037
1 0.253906 0.589352 0.007812 0.076852
1 0.321875 0.561574 0.006250 0.058333
1 0.342187 0.551852 0.004167 0.055556
1 0.039323 0.692130 0.019271 0.132407
1 0.124740 0.644444 0.016146 0.112963
1 0.234635 0.588426 0.007812 0.082407
1 0.080990 0.677778 0.014063 0.125926
1 0.154427 0.643519 0.008854 0.105556
1 0.213542 0.613889 0.010417 0.088889
1 0.259115 0.593519 0.007812 0.075926
1 0.293750 0.580556 0.006250 0.066667
1 0.034375 0.703241 0.014583 0.134259
1 0.122917 0.658333 0.011458 0.114815
1 0.189583 0.626852 0.012500 0.096296
1 0.240104 0.601852 0.007292 0.083333
1 0.307812 0.565741 0.006250 0.062963
1 0.021875 0.701389 0.016667 0.136111
1 0.161198 0.631019 0.013021 0.100926
1 0.213542 0.604167 0.011458 0.086111
1 0.224479 0.586111 0.009375 0.074074
1 0.386979 0.549537 0.006250 0.052778
1 0.421094 0.532870 0.005729 0.045370
1 0.443490 0.525000 0.004687 0.042593
1 0.769792 0.650463 0.012500 0.113889
1 0.707552 0.600000 0.009896 0.081481
1 0.671875 0.568056 0.005208 0.065741
1 0.843490 0.740278 0.023438 0.158333
1 0.751823 0.648611 0.009896 0.099074
1 0.030208 0.617593 0.006250 0.087037
1 0.115625 0.593981 0.006250 0.078704
1 0.181771 0.570833 0.004167 0.058333
1 0.230990 0.555556 0.003646 0.053704
1 0.793229 0.718056 0.017708 0.154630
1 0.711458 0.641667 0.009375 0.114815
1 0.666667 0.592130 0.005208 0.078704
1 0.637240 0.564352 0.004687 0.062037
1 0.774479 0.735648 0.019792 0.167593
1 0.700521 0.648148 0.016667 0.116667
1 0.655469 0.600463 0.005729 0.084259
1 0.623437 0.568981 0.005208 0.067593
1 0.764286 0.572764 0.035714 0.093458
1 0.635119 0.575434 0.048810 0.090788
1 0.641667 0.732310 0.069048 0.140187
1 0.111166 0.630380 0.024486 0.237975
1 0.286974 0.540506 0.025465 0.200000
1 0.414300 0.463291 0.027424 0.182278
1 0.545054 0.406329 0.034280 0.159494
1 0.642018 0.344304 0.028404 0.146835
1 0.764312 0.610119 0.032887 0.273810
1 0.532278 0.279762 0.029233 0.202381
1 0.483557 0.437500 0.034105 0.255952
1 0.163216 0.260417 0.060901 0.211310
1 0.051157 0.181548 0.060901 0.196429
1 0.298005 0.555556 0.092269 0.282828
1 0.589776 0.284512 0.047382 0.191919
1 0.724439 0.175084 0.027431 0.134680
1 0.171396 0.186916 0.038593 0.299065
1 0.111237 0.380841 0.056754 0.359813
1 0.276958 0.441589 0.034052 0.369159
1 0.450624 0.563084 0.029512 0.359813
1 0.650965 0.623832 0.026107 0.378505
1 0.811578 0.355140 0.027242 0.299065
1 0.837684 0.567757 0.031782 0.387850
1 0.823829 0.566781 0.042770 0.250000
1 0.641548 0.611301 0.044807 0.270548
1 0.463340 0.464041 0.038697 0.222603
1 0.319756 0.347603 0.032587 0.195205
1 0.200611 0.265411 0.030550 0.167808
1 0.112016 0.195205 0.024440 0.143836
1 0.767708 0.865784 0.131250 0.226843
1 0.793229 0.620983 0.103125 0.221172
1 0.439583 0.556711 0.056250 0.209830
1 0.285417 0.388469 0.029167 0.179584
1 0.183333 0.277883 0.022917 0.155009
1 0.122396 0.100189 0.017708 0.102079
1 0.106250 0.197543 0.022917 0.134216
1 0.041667 0.127599 0.020833 0.119093
1 0.330524 0.800771 0.076779 0.264781
1 0.483146 0.551414 0.044944 0.192802
1 0.561798 0.420308 0.029963 0.156812
1 0.606742 0.335476 0.026217 0.125964
1 0.634831 0.277635 0.029963 0.107969
1 0.653558 0.236504 0.014981 0.102828
1 0.136146 0.461749 0.017516 0.234973
1 0.284236 0.448087 0.020701 0.218579
1 0.721338 0.366120 0.015924 0.185792
1 0.629777 0.396175 0.014331 0.180328
1 0.556548 0.695067 0.073413 0.224215
1 0.305556 0.414798 0.071429 0.210762
1 0.169643 0.235426 0.041667 0.156951
1 0.099206 0.143498 0.027778 0.130045
1 0.390067 0.661255 0.065848 0.222944
1 0.169643 0.367965 0.024554 0.199134
1 0.046317 0.214286 0.021205 0.142857
1 0.087054 0.140693 0.013393 0.138528
1 0.759487 0.479437 0.043527 0.093074
1 0.602679 0.367965 0.026786 0.073593
1 0.594667 0.734475 0.072000 0.226981
1 0.351333 0.463597 0.038667 0.190578
1 0.183333 0.275161 0.020000 0.139186
1 0.093333 0.173448 0.018667 0.119914
1 0.035333 0.109208 0.014667 0.085653
1 0.849162 0.417035 0.033520 0.201327
1 0.787709 0.607301 0.044693 0.250000
1 0.482542 0.471239 0.043296 0.221239
1 0.263268 0.366150 0.054469 0.188053
1 0.114525 0.287611 0.044693 0.168142
1 0.800279 0.805693 0.114525 0.309406
1 0.393855 0.480198 0.078212 0.193069
1 0.328212 0.275990 0.030726 0.121287
1 0.185754 0.323020 0.047486 0.141089
1 0.343750 0.183636 0.032328 0.200000
1 0.403017 0.290909 0.043103 0.232727
1 0.240302 0.547273 0.049569 0.309091
1 0.471622 0.543307 0.078378 0.283465
1 0.278378 0.403543 0.070270 0.255906
1 0.181081 0.283465 0.070270 0.212598
1 0.280043 0.583691 0.079399 0.377682
1 0.728541 0.345494 0.045064 0.296137
1 0.182635 0.461679 0.037924 0.273723
1 0.303393 0.310219 0.039920 0.226277
1 0.454092 0.295620 0.037924 0.182482
1 0.654691 0.288321 0.043912 0.218978
1 0.115219 0.768035 0.017809 0.140547
1 0.218310 0.552296 0.015168 0.094388
1 0.253521 0.555485 0.010834 0.093112
1 0.265710 0.606505 0.013543 0.113520
1 0.294962 0.561224 0.014626 0.081633
1 0.373514 0.546192 0.024865 0.093633
1 0.484054 0.534956 0.010270 0.091136
1 0.573243 0.518727 0.011351 0.083645
1 0.649730 0.505618 0.012973 0.077403
1 0.432933 0.572761 0.021810 0.133085
1 0.965104 0.357587 0.038168 0.078358
1 0.965104 0.439677 0.050164 0.093284
1 0.247681 0.555138 0.040371 0.135338
1 0.366885 0.582707 0.023459 0.130326
1 0.474905 0.583960 0.015821 0.122807
1 0.579105 0.563910 0.020185 0.120301
1 0.672395 0.557018 0.027823 0.116541
1 0.739236 0.682382 0.023143 0.114144
1 0.622174 0.553350 0.011841 0.071960
1 0.599300 0.513027 0.010226 0.060794
1 0.580463 0.479529 0.006997 0.050868
1 0.558934 0.445409 0.004844 0.034739
1 0.798212 0.929280 0.031961 0.136476
1 0.658180 0.746898 0.020585 0.116625
1 0.606717 0.671216 0.013001 0.089330
1 0.560130 0.605459 0.009751 0.069479
1 0.554984 0.549007 0.004875 0.050868
1 0.537378 0.568238 0.007584 0.057072
1 0.133369 0.555624 0.024838 0.095179
1 0.417117 0.619901 0.012419 0.105068
1 0.309395 0.597033 0.016199 0.106304
1 0.510529 0.642769 0.014579 0.108776
1 0.603402 0.663164 0.017819 0.114957
1 0.721382 0.687886 0.024838 0.119901
1 0.797312 0.682382 0.036559 0.116625
1 0.814247 0.781638 0.045699 0.153846
1 0.659677 0.710298 0.021505 0.127792
1 0.549731 0.624069 0.012366 0.101737
1 0.479839 0.555831 0.011290 0.091811
1 0.452151 0.478908 0.007527 0.071960
1 0.429839 0.515509 0.011290 0.080645
1 0.796783 0.741935 0.032172 0.133995
1 0.712869 0.622829 0.018767 0.096774
1 0.658981 0.539702 0.012869 0.069479
1 0.608579 0.463400 0.005362 0.045906
1 0.618767 0.442928 0.004290 0.037221
1 0.696708 0.549592 0.009714 0.074728
1 0.635456 0.531929 0.009174 0.066576
1 0.366433 0.546875 0.006476 0.058424
1 0.388559 0.516984 0.006476 0.052989
1 0.401511 0.498641 0.005397 0.043478
1 0.595354 0.615962 0.005402 0.055935
1 0.585089 0.651432 0.007563 0.066849
1 0.565370 0.718963 0.009184 0.087312
1 0.905625 0.902913 0.056787 0.192017
1 0.751217 0.668285 0.023797 0.111111
1 0.690103 0.571197 0.012980 0.074434
1 0.254462 0.780475 0.028664 0.145631
1 0.766156 0.895206 0.028478 0.173913
1 0.649507 0.721293 0.014239 0.104794
1 0.596933 0.641583 0.008762 0.072464
1 0.240000 0.580000 0.097778 0.386667
1 0.520000 0.508889 0.071111 0.253333
1 0.653333 0.468889 0.044444 0.182222
1 0.722222 0.446667 0.040000 0.146667
1 0.453333 0.446667 0.080000 0.404444
1 0.662222 0.266667 0.071111 0.293333
1 0.135593 0.462617 0.161017 0.897196
1 0.387712 0.579439 0.156780 0.663551
1 0.639831 0.700935 0.169492 0.429907
1 0.573333 0.682222 0.240000 0.573333
1 0.853333 0.497778 0.240000 0.951111
1 0.336364 0.524590 0.301818 0.896175
1 0.663636 0.622951 0.301818 0.688525
1 0.856223 0.500000 0.141631 0.539171
1 0.450935 0.502119 0.275701 0.911017
1 0.480000 0.537778 0.177778 0.631111
1 0.475556 0.522222 0.168889 0.893333
1 0.331250 0.537500 0.300000 0.737500
1 0.678125 0.537500 0.306250 0.762500
1 0.540000 0.446667 0.182222 0.813333
1 0.840000 0.453333 0.195556 0.871111
1 0.832707 0.639474 0.116541 0.626316
1 0.716165 0.576316 0.101504 0.573684
1 0.603383 0.536842 0.078947 0.536842
1 0.500000 0.476316 0.105263 0.468421
1 0.164093 0.311856 0.104247 0.572165
1 0.909266 0.376289 0.081081 0.505155
1 0.818533 0.304124 0.084942 0.443299
1 0.317778 0.417778 0.191111 0.782222
1 0.484444 0.480000 0.124444 0.524444
1 0.167453 0.497899 0.325472 0.886555
1 0.500000 0.554622 0.330189 0.873950
1 0.827830 0.504202 0.316038 0.873950
1 0.381818 0.513661 0.152727 0.885246
1 0.632727 0.614754 0.152727 0.683060
1 0.522222 0.453333 0.093333 0.586667
1 0.578829 0.590308 0.148649 0.731278
1 0.351351 0.544053 0.108108 0.691630
1 0.475225 0.370044 0.076577 0.581498
1 0.655102 0.735437 0.093878 0.432039
1 0.057143 0.696602 0.081633 0.364078
1 0.502577 0.496139 0.201031 0.745174
1 0.493023 0.503333 0.204651 0.953333
1 0.669767 0.503333 0.176744 0.953333
1 0.811364 0.434091 0.068182 0.459091
1 0.915909 0.388636 0.122727 0.450000
1 0.720455 0.502273 0.077273 0.522727
1 0.620455 0.575000 0.095455 0.577273
1 0.077273 0.395455 0.127273 0.418182
1 0.184091 0.436364 0.050000 0.463636
1 0.272727 0.513636 0.054545 0.481818
1 0.368182 0.575000 0.081818 0.577273
1 0.122222 0.626667 0.191111 0.684444
1 0.415556 0.568889 0.128889 0.515556
1 0.940000 0.471111 0.048889 0.204444
1 0.773973 0.486957 0.086758 0.434783
1 0.655251 0.582609 0.095890 0.452174
1 0.424658 0.580435 0.109589 0.508696
1 0.308219 0.508696 0.105023 0.478261
1 0.513333 0.517778 0.128889 0.626667
1 0.511719 0.503817 0.820312 0.956743
1 0.282222 0.260000 0.093333 0.342222
1 0.777778 0.268889 0.097778 0.342222
1 0.671111 0.611111 0.106667 0.448889
1 0.528889 0.608889 0.115556 0.444444
1 0.393333 0.611111 0.111111 0.448889
1 0.182222 0.546667 0.106667 0.462222
1 0.886667 0.562222 0.102222 0.475556
1 0.508889 0.508889 0.200000 0.893333
1 0.741071 0.388393 0.080357 0.553571
1 0.433036 0.520089 0.125000 0.763393
1 0.658482 0.428571 0.075893 0.616071
1 0.443299 0.461390 0.113402 0.799228
1 0.579897 0.378378 0.056701 0.424710
1 0.139706 0.147297 0.117647 0.170270
1 0.136029 0.385135 0.169118 0.191892
1 0.279412 0.400000 0.088235 0.151351
1 0.591912 0.410811 0.095588 0.135135
1 0.727941 0.409459 0.102941 0.127027
1 0.143382 0.632432 0.169118 0.172973
1 0.632353 0.656757 0.088235 0.140541
1 0.735294 0.658108 0.088235 0.137838
1 0.680147 0.909459 0.095588 0.137838
1 0.551471 0.905405 0.088235 0.129730
1 0.132353 0.877027 0.132353 0.191892
1 0.801471 0.906757 0.088235 0.137838
1 0.915441 0.905405 0.095588 0.135135
1 0.562500 0.160811 0.080882 0.127027
1 0.661765 0.163514 0.088235 0.121622
1 0.786260 0.572539 0.106870 0.647668
1 0.612500 0.445000 0.105000 0.840000
1 0.405000 0.475000 0.120000 0.880000
1 0.277778 0.460000 0.137778 0.875556
1 0.566667 0.391111 0.102222 0.684444
1 0.731111 0.362222 0.120000 0.582222
1 0.487179 0.459459 0.184615 0.911197
1 0.140511 0.578804 0.062044 0.625000
1 0.339416 0.557065 0.072993 0.603261
1 0.852190 0.513587 0.040146 0.559783
1 0.419708 0.510870 0.058394 0.576087
1 0.501825 0.470109 0.047445 0.538043
1 0.231752 0.502717 0.047445 0.581522
1 0.620438 0.532609 0.058394 0.586957
1 0.119231 0.133676 0.115385 0.149100
1 0.146154 0.339332 0.169231 0.169666
1 0.511538 0.161954 0.100000 0.092545
1 0.630769 0.159383 0.107692 0.097686
1 0.761538 0.133676 0.107692 0.154242
1 0.903846 0.138817 0.146154 0.149100
1 0.600000 0.365039 0.138462 0.133676
1 0.746154 0.366324 0.138462 0.131105
1 0.903846 0.349614 0.130769 0.169666
1 0.600000 0.665810 0.107692 0.128535
1 0.919231 0.664524 0.100000 0.131105
1 0.380000 0.611111 0.244444 0.768889
1 0.788889 0.517778 0.093333 0.653333
1 0.642222 0.560000 0.093333 0.746667
1 0.104444 0.528889 0.075556 0.728889
1 0.082051 0.329457 0.061538 0.418605
1 0.212821 0.335271 0.066667 0.430233
1 0.315385 0.348837 0.087179 0.457364
1 0.448718 0.362403 0.097436 0.500000
1 0.610256 0.377907 0.092308 0.531008
1 0.756410 0.387597 0.097436 0.573643
1 0.141026 0.872093 0.107692 0.217054
1 0.529221 0.466258 0.227273 0.840491
1 0.853282 0.533505 0.046332 0.500000
1 0.934363 0.510309 0.038610 0.391753
1 0.507722 0.528351 0.034749 0.355670
1 0.600386 0.533505 0.034749 0.386598
1 0.351351 0.523196 0.030888 0.324742
1 0.712355 0.520619 0.042471 0.453608
1 0.838768 0.576503 0.054348 0.617486
1 0.925725 0.407104 0.047101 0.464481
1 0.098930 0.218519 0.080214 0.222222
1 0.256684 0.220370 0.085561 0.211111
1 0.422460 0.224074 0.096257 0.218519
1 0.580214 0.220370 0.090909 0.211111
1 0.735294 0.222222 0.080214 0.214815
1 0.820856 0.466667 0.080214 0.192593
1 0.069519 0.457407 0.042781 0.196296
1 0.152406 0.457407 0.048128 0.203704
1 0.243316 0.457407 0.048128 0.196296
1 0.320856 0.453704 0.042781 0.196296
1 0.403743 0.453704 0.048128 0.203704
1 0.489305 0.457407 0.037433 0.203704
1 0.572193 0.453704 0.042781 0.196296
1 0.655080 0.457407 0.048128 0.188889
1 0.737968 0.457407 0.053476 0.203704
1 0.895722 0.212963 0.090909 0.248148
1 0.542471 0.628866 0.034749 0.185567
1 0.596525 0.554124 0.019305 0.139175
1 0.623552 0.510309 0.019305 0.113402
1 0.625683 0.538182 0.267760 0.669091
1 0.498069 0.430412 0.169884 0.788660
1 0.528881 0.425824 0.090253 0.840659
1 0.831111 0.595556 0.115556 0.800000
1 0.404444 0.446667 0.071111 0.528889
1 0.213333 0.377778 0.071111 0.391111
1 0.106667 0.331111 0.062222 0.306667
1 0.031111 0.300000 0.053333 0.244444
1 0.494536 0.496364 0.191257 0.861818
1 0.924242 0.418848 0.090909 0.785340
1 0.659091 0.638743 0.075758 0.565445
1 0.403475 0.422680 0.065637 0.340206
1 0.808889 0.457778 0.097778 0.906667
1 0.526667 0.580000 0.111111 0.635556
1 0.262222 0.700000 0.106667 0.386667
1 0.510684 0.460648 0.209402 0.847222
1 0.482222 0.473333 0.102222 0.537778
1 0.213333 0.500000 0.097778 0.582222
1 0.306667 0.464444 0.071111 0.511111
1 0.388889 0.480000 0.075556 0.542222
1 0.637778 0.464444 0.057778 0.520000
1 0.571111 0.493333 0.057778 0.586667
1 0.728889 0.493333 0.071111 0.586667
1 0.800000 0.460000 0.053333 0.520000
1 0.646907 0.550193 0.335052 0.783784
1 0.288660 0.557915 0.268041 0.752896
1 0.688679 0.618421 0.079245 0.615789
1 0.443299 0.613900 0.082474 0.471042
1 0.209091 0.500000 0.134545 0.737705
1 0.838182 0.546448 0.149091 0.786885
1 0.497423 0.494208 0.283505 0.787645
1 0.504444 0.513393 0.164444 0.937500
1 0.266667 0.480695 0.123077 0.706564
1 0.702564 0.486486 0.123077 0.656371
1 0.095982 0.491071 0.147321 0.544643
1 0.316964 0.486607 0.142857 0.544643
1 0.558036 0.491071 0.142857 0.544643
1 0.781250 0.491071 0.142857 0.544643
1 0.346667 0.377778 0.097778 0.746667
1 0.648889 0.384444 0.097778 0.751111
1 0.495556 0.493333 0.386667 0.960000
1 0.397611 0.468023 0.071672 0.924419
1 0.663823 0.468023 0.078498 0.912791
1 0.129693 0.465116 0.081911 0.918605
1 0.084291 0.391192 0.137931 0.699482
1 0.237548 0.448187 0.137931 0.689119
1 0.369732 0.479275 0.072797 0.709845
1 0.528736 0.660622 0.153257 0.461140
1 0.710728 0.702073 0.157088 0.492228
1 0.904215 0.761658 0.160920 0.476684
1 0.243304 0.495536 0.147321 0.919643
1 0.515556 0.508889 0.186667 0.946667
1 0.377232 0.477679 0.049107 0.294643
1 0.482143 0.479911 0.053571 0.299107
1 0.589286 0.473214 0.053571 0.294643
1 0.504444 0.504444 0.102222 0.964444
1 0.497423 0.457529 0.190722 0.644788
1 0.126667 0.624444 0.057778 0.377778
1 0.220000 0.544444 0.057778 0.333333
1 0.291111 0.480000 0.048889 0.284444
1 0.346667 0.431111 0.044444 0.266667
1 0.397778 0.391111 0.040000 0.248889
1 0.491111 0.322222 0.031111 0.208889
1 0.444444 0.357778 0.035556 0.226667
1 0.459239 0.481818 0.309783 0.760000
1 0.567686 0.468182 0.078603 0.372727
1 0.748908 0.427273 0.065502 0.318182
1 0.748889 0.533333 0.146667 0.924444
1 0.386667 0.408889 0.097778 0.613333
1 0.208889 0.342222 0.097778 0.426667
1 0.106667 0.315556 0.071111 0.337778
1 0.040000 0.300000 0.053333 0.271111
1 0.455598 0.675258 0.046332 0.195876
1 0.268340 0.641753 0.042471 0.201031
1 0.111969 0.471649 0.077220 0.530928
1 0.477612 0.478088 0.129353 0.756972
1 0.461749 0.498182 0.387978 0.734545
1 0.214674 0.518182 0.266304 0.745455
1 0.489130 0.520000 0.260870 0.741818
1 0.760870 0.520000 0.260870 0.734545
1 0.482833 0.497685 0.201717 0.884259
1 0.328889 0.502222 0.168889 0.488889
1 0.651111 0.504444 0.173333 0.484444
1 0.062222 0.517778 0.035556 0.182222
1 0.720000 0.493333 0.026667 0.160000
1 0.868889 0.493333 0.031111 0.177778
1 0.377778 0.504444 0.035556 0.173333
1 0.502222 0.495556 0.302222 0.928889
1 0.463918 0.492278 0.134021 0.783784
1 0.267500 0.532500 0.085000 0.685000
1 0.425000 0.550000 0.070000 0.650000
1 0.565000 0.545000 0.080000 0.650000
1 0.695000 0.557500 0.070000 0.625000
1 0.549091 0.464481 0.065455 0.797814
1 0.492647 0.496250 0.838235 0.977500
1 0.500000 0.500000 0.168421 0.989474
1 0.661905 0.478571 0.085714 0.919048
1 0.464286 0.611905 0.080952 0.671429
1 0.322222 0.506667 0.226667 0.817778
1 0.637778 0.495556 0.226667 0.786667
1 0.627413 0.571795 0.065637 0.620513
1 0.355212 0.574359 0.069498 0.625641
1 0.220077 0.558974 0.054054 0.615385
1 0.289575 0.402564 0.054054 0.743590
1 0.741313 0.689744 0.054054 0.353846
1 0.505792 0.689744 0.046332 0.374359
1 0.515444 0.536082 0.096525 0.814433
1 0.375556 0.495556 0.137778 0.591111
1 0.795556 0.495556 0.266667 0.626667
1 0.180000 0.500000 0.244444 0.591111
1 0.237327 0.484914 0.308756 0.909483
1 0.542222 0.517778 0.213333 0.902222
1 0.619691 0.332474 0.050193 0.324742
1 0.191120 0.358247 0.096525 0.304124
1 0.685328 0.458763 0.050193 0.340206
1 0.488417 0.409794 0.034749 0.231959
1 0.388031 0.389175 0.027027 0.180412
1 0.322394 0.371134 0.027027 0.144330
1 0.244444 0.646667 0.071111 0.600000
1 0.328889 0.573333 0.062222 0.453333
1 0.397778 0.531111 0.048889 0.368889
1 0.462222 0.500000 0.044444 0.297778
1 0.511111 0.455556 0.044444 0.208889
1 0.557778 0.424444 0.031111 0.155556
1 0.602222 0.406667 0.022222 0.120000
1 0.351648 0.836957 0.021978 0.141304
1 0.880309 0.703608 0.061776 0.314433
1 0.613900 0.672680 0.054054 0.283505
1 0.434363 0.626289 0.027027 0.221649
1 0.335907 0.577320 0.023166 0.175258
1 0.366795 0.538660 0.023166 0.149485
1 0.773743 0.680851 0.430168 0.617021
1 0.357542 0.508865 0.379888 0.925532
1 0.756345 0.500000 0.436548 0.992188
1 0.256345 0.501953 0.431472 0.996094
1 0.511111 0.488889 0.160000 0.835556
1 0.748889 0.528889 0.120000 0.497778
1 0.562222 0.453333 0.066667 0.204444
1 0.168889 0.413333 0.080000 0.675556
1 0.497778 0.417778 0.080000 0.675556
1 0.840000 0.420000 0.080000 0.671111
1 0.493333 0.464444 0.106667 0.911111
1 0.232932 0.502463 0.072289 0.788177
1 0.497992 0.509852 0.064257 0.802956
1 0.765060 0.504926 0.076305 0.793103
1 0.510309 0.467181 0.144330 0.918919
1 0.484444 0.493304 0.240000 0.977679
1 0.464444 0.500000 0.111111 0.920000
1 0.724576 0.718310 0.118644 0.422535
1 0.947034 0.774648 0.097458 0.450704
1 0.578390 0.652582 0.097458 0.356808
1 0.463983 0.603286 0.080508 0.305164
1 0.383475 0.568075 0.072034 0.272300
1 0.311441 0.535211 0.055085 0.225352
1 0.216102 0.500000 0.042373 0.183099
1 0.150424 0.471831 0.029661 0.154930
1 0.474227 0.438224 0.154639 0.837838
1 0.399177 0.311594 0.057613 0.584541
1 0.327160 0.347826 0.069959 0.676329
1 0.236626 0.398551 0.094650 0.768116
1 0.113169 0.461353 0.119342 0.913043
1 0.569959 0.311594 0.053498 0.594203
1 0.641975 0.345411 0.065844 0.671498
1 0.734568 0.393720 0.094650 0.768116
1 0.858025 0.466184 0.127572 0.922705
1 0.428889 0.440000 0.111111 0.871111
1 0.060056 0.624113 0.047486 0.453901
1 0.185754 0.276596 0.025140 0.212766
1 0.354749 0.535461 0.044693 0.730496
1 0.435754 0.475177 0.039106 0.609929
1 0.500000 0.439716 0.022346 0.539007
1 0.553073 0.414894 0.033520 0.475177
1 0.500000 0.500000 0.128889 0.964444
1 0.460000 0.473333 0.137778 0.893333
1 0.073333 0.380000 0.057778 0.671111
1 0.182222 0.566667 0.062222 0.653333
1 0.286667 0.371111 0.057778 0.653333
1 0.391111 0.568889 0.053333 0.657778
1 0.497778 0.382222 0.053333 0.675556
1 0.604444 0.573333 0.053333 0.657778
1 0.711111 0.380000 0.053333 0.671111
1 0.817778 0.575556 0.053333 0.671111
1 0.922222 0.384444 0.048889 0.671111
1 0.500000 0.497778 0.128889 0.986667
1 0.500000 0.453333 0.102222 0.835556
1 0.186667 0.466667 0.088889 0.737778
1 0.484444 0.471111 0.097778 0.728889
1 0.780000 0.471111 0.093333 0.728889
1 0.275109 0.550000 0.061135 0.590909
1 0.447598 0.436364 0.030568 0.354545
1 0.519651 0.388636 0.026201 0.259091
1 0.728426 0.457031 0.197970 0.898438
1 0.248731 0.462891 0.203046 0.902344
1 0.489286 0.525000 0.307143 0.838889
1 0.667411 0.535714 0.102679 0.642857
1 0.500000 0.502222 0.128889 0.995556
1 0.332727 0.549180 0.149091 0.836066
1 0.203125 0.446429 0.075893 0.660714
1 0.339286 0.477679 0.080357 0.714286
1 0.504464 0.453125 0.098214 0.665179
1 0.629464 0.426339 0.080357 0.629464
1 0.796875 0.450893 0.075893 0.669643
1 0.337778 0.497778 0.204444 0.906667
1 0.657778 0.611111 0.204444 0.688889
1 0.112727 0.486339 0.058182 0.579235
1 0.494545 0.478142 0.065455 0.562842
1 0.898182 0.472678 0.058182 0.584699
1 0.482818 0.580925 0.051546 0.641618
1 0.307560 0.526012 0.044674 0.554913
1 0.206186 0.430636 0.034364 0.410405
1 0.496364 0.461749 0.083636 0.726776
1 0.511111 0.508889 0.124444 0.857778
1 0.643396 0.465789 0.094340 0.921053
1 0.818868 0.463158 0.135849 0.915789
1 0.558491 0.378947 0.067925 0.747368
1 0.708889 0.642222 0.084444 0.457778
1 0.340000 0.484444 0.084444 0.755556
1 0.315556 0.226667 0.053333 0.328889
1 0.175556 0.731111 0.226667 0.502222
1 0.500000 0.608889 0.235556 0.746667
1 0.826667 0.500000 0.240000 0.964444
1 0.207650 0.476364 0.142077 0.872727
1 0.497268 0.483636 0.142077 0.865455
1 0.806011 0.476364 0.158470 0.865455
1 0.377778 0.497778 0.195556 0.871111
1 0.666667 0.488889 0.204444 0.897778
1 0.081081 0.615979 0.084942 0.716495
1 0.167954 0.615979 0.081081 0.716495
1 0.254826 0.615979 0.077220 0.716495
1 0.363208 0.685535 0.066038 0.566038
1 0.441824 0.660377 0.066038 0.641509
1 0.522013 0.606918 0.062893 0.723270
1 0.597484 0.566038 0.069182 0.805031
1 0.674528 0.518868 0.066038 0.924528
1 0.102236 0.484472 0.095847 0.944099
1 0.246006 0.521739 0.019169 0.447205
1 0.206070 0.512422 0.028754 0.590062
1 0.594203 0.666667 0.036232 0.590164
1 0.677536 0.480874 0.043478 0.404372
1 0.721014 0.401639 0.028986 0.311475
1 0.760870 0.333333 0.028986 0.240437
1 0.800725 0.292350 0.028986 0.202186
1 0.326220 0.490196 0.036585 0.313725
1 0.528963 0.571895 0.045732 0.398693
1 0.926829 0.702614 0.054878 0.542484
1 0.494382 0.478836 0.082397 0.947090
1 0.472727 0.557377 0.094545 0.524590
1 0.331699 0.645455 0.022876 0.333333
1 0.125817 0.603030 0.029412 0.321212
1 0.563725 0.666667 0.029412 0.363636
1 0.823529 0.709091 0.032680 0.387879
1 0.284906 0.586842 0.101887 0.678947
1 0.428302 0.626316 0.116981 0.610526
1 0.556604 0.636842 0.094340 0.578947
1 0.830189 0.568421 0.105660 0.705263
1 0.716981 0.655263 0.098113 0.542105
1 0.117761 0.533505 0.050193 0.541237
1 0.069498 0.507732 0.038610 0.489691
1 0.241313 0.556701 0.050193 0.618557
1 0.295367 0.533505 0.034749 0.520619
1 0.573359 0.585052 0.057915 0.623711
1 0.729730 0.561856 0.046332 0.567010
1 0.506667 0.495556 0.142222 0.982222
1 0.125954 0.460938 0.083969 0.911458
1 0.370229 0.458333 0.083969 0.906250
1 0.625954 0.463542 0.083969 0.916667
1 0.872137 0.455729 0.087786 0.901042
1 0.254464 0.506696 0.241071 0.977679
1 0.502232 0.502232 0.227679 0.977679
1 0.750000 0.502232 0.241071 0.977679
1 0.323636 0.516393 0.145455 0.846995
1 0.470909 0.778689 0.054545 0.431694
1 0.374545 0.819672 0.080000 0.360656
1 0.105000 0.493333 0.070000 0.706667
1 0.227500 0.450000 0.085000 0.660000
1 0.360000 0.496667 0.080000 0.700000
1 0.500000 0.466667 0.070000 0.693333
1 0.632500 0.490000 0.085000 0.713333
1 0.770000 0.456667 0.080000 0.686667
1 0.892500 0.496667 0.075000 0.713333
1 0.543478 0.462312 0.146245 0.834171
1 0.457500 0.450000 0.115000 0.770000
1 0.098810 0.454167 0.030952 0.891667
1 0.361751 0.642241 0.050691 0.267241
1 0.746544 0.631466 0.036866 0.245690
1 0.271111 0.531111 0.097778 0.688889
1 0.468889 0.473333 0.066667 0.564444
1 0.620000 0.435556 0.084444 0.488889
1 0.748889 0.415556 0.075556 0.440000
1 0.404639 0.498069 0.118557 0.787645
1 0.728302 0.678947 0.083019 0.505263
1 0.367925 0.600000 0.064151 0.515789
1 0.520755 0.715789 0.090566 0.431579
1 0.737676 0.531073 0.066901 0.881356
1 0.600352 0.169492 0.024648 0.271186
1 0.481959 0.638996 0.108247 0.343629
1 0.767790 0.640212 0.134831 0.719577
1 0.378277 0.616402 0.074906 0.756614
1 0.494413 0.546263 0.273743 0.651246
1 0.835849 0.426316 0.071698 0.347368
1 0.650943 0.678947 0.049057 0.473684
1 0.922642 0.350000 0.033962 0.289474
1 0.779245 0.118421 0.018868 0.142105
1 0.828302 0.128947 0.018868 0.152632
1 0.871698 0.144737 0.030189 0.152632
1 0.308271 0.710526 0.060150 0.347368
1 0.432331 0.684211 0.060150 0.410526
1 0.558271 0.613158 0.063910 0.552632
1 0.682331 0.460526 0.078947 0.826316
1 0.430909 0.786885 0.069091 0.349727
1 0.660000 0.500000 0.032727 0.191257
1 0.741818 0.409836 0.029091 0.131148
1 0.091696 0.302857 0.044983 0.262857
1 0.354671 0.317143 0.044983 0.280000
1 0.404844 0.260000 0.041522 0.245714
1 0.613003 0.429487 0.074303 0.692308
1 0.729102 0.464744 0.077399 0.737179
1 0.854489 0.509615 0.080495 0.788462
1 0.626667 0.639881 0.066667 0.708333
1 0.749091 0.636612 0.058182 0.322404
1 0.701818 0.617486 0.021818 0.262295
1 0.286972 0.511299 0.165493 0.977401
1 0.411972 0.576271 0.056338 0.644068
1 0.482394 0.590395 0.049296 0.491525
1 0.665455 0.316940 0.029091 0.240437
1 0.945455 0.357923 0.036364 0.278689
1 0.441818 0.295082 0.025455 0.229508
1 0.025455 0.363388 0.029091 0.289617
1 0.229091 0.699454 0.043636 0.546448
1 0.332727 0.543716 0.047273 0.420765
1 0.520833 0.495000 0.363095 0.870000
1 0.323333 0.556548 0.053333 0.398810
1 0.385000 0.455357 0.036667 0.279762
1 0.650000 0.559524 0.066667 0.428571
1 0.825000 0.619048 0.056667 0.357143
1 0.121667 0.622024 0.056667 0.351190
1 0.586667 0.452381 0.040000 0.297619
1 0.546667 0.407738 0.026667 0.220238
1 0.420000 0.410714 0.020000 0.226190
1 0.191257 0.615942 0.273224 0.550725
1 0.844262 0.625000 0.224044 0.525362
1 0.685792 0.367754 0.071038 0.315217
1 0.418033 0.360507 0.125683 0.336957
1 0.521858 0.257246 0.060109 0.268116
1 0.612022 0.157609 0.043716 0.221014
1 0.276042 0.553435 0.125000 0.603053
1 0.830729 0.423664 0.088542 0.435115
1 0.653646 0.341603 0.057292 0.347328
1 0.510417 0.265267 0.041667 0.263359
1 0.421875 0.221374 0.041667 0.206107
1 0.359375 0.190840 0.041667 0.175573
1 0.317708 0.166031 0.031250 0.148855
1 0.283854 0.154580 0.026042 0.141221
1 0.144444 0.377778 0.084444 0.346667
1 0.930909 0.688525 0.087273 0.459016
1 0.727273 0.571038 0.087273 0.387978
1 0.576364 0.469945 0.061818 0.316940
1 0.478182 0.412568 0.047273 0.256831
1 0.409091 0.371585 0.040000 0.229508
1 0.352727 0.344262 0.029091 0.207650
1 0.307273 0.311475 0.025455 0.163934
1 0.272727 0.292350 0.029091 0.147541
1 0.363636 0.581967 0.181818 0.693989
1 0.481818 0.314208 0.032727 0.169399
1 0.631148 0.620000 0.071038 0.505455
1 0.751366 0.585455 0.060109 0.443636
1 0.035519 0.581818 0.060109 0.530909
1 0.196347 0.701299 0.273973 0.597403
1 0.495434 0.586580 0.269406 0.826840
1 0.808219 0.502165 0.283105 0.995671
1 0.505464 0.569091 0.322404 0.861818
1 0.481707 0.465854 0.044715 0.268293
1 0.401818 0.491803 0.120000 0.754098
1 0.509091 0.426230 0.080000 0.633880
1 0.614545 0.393443 0.050909 0.546448
1 0.290909 0.554645 0.080000 0.890710
1 0.181818 0.549180 0.080000 0.901639
1 0.326667 0.462222 0.111111 0.915556
1 0.673333 0.468889 0.128889 0.928889
1 0.512500 0.507500 0.285000 0.825000
1 0.400000 0.486339 0.101818 0.601093
1 0.480000 0.374317 0.050909 0.322404
1 0.590566 0.536842 0.041509 0.273684
1 0.715094 0.571053 0.049057 0.289474
1 0.898113 0.607895 0.067925 0.342105
1 0.490566 0.515789 0.037736 0.221053
1 0.413208 0.494737 0.026415 0.189474
1 0.358491 0.481579 0.022642 0.184211
1 0.301887 0.471053 0.030189 0.163158
1 0.254717 0.460526 0.026415 0.142105
1 0.268889 0.468889 0.075556 0.528889
1 0.482222 0.475556 0.075556 0.533333
1 0.695556 0.475556 0.066667 0.542222
1 0.500000 0.502222 0.271111 0.995556
1 0.344444 0.500000 0.217778 0.875000
1 0.657778 0.504464 0.213333 0.866071
1 0.513333 0.504444 0.066667 0.546667
1 0.135556 0.500000 0.066667 0.537778
1 0.895556 0.502222 0.075556 0.542222
1 0.826255 0.528351 0.177606 0.788660
1 0.654440 0.520619 0.158301 0.804124
1 0.492278 0.523196 0.158301 0.788660
1 0.152510 0.515464 0.173745 0.752577
1 0.324324 0.518041 0.162162 0.778351
1 0.104418 0.480198 0.200803 0.950495
1 0.311245 0.480198 0.212851 0.950495
1 0.528889 0.484444 0.097778 0.826667
1 0.230952 0.504167 0.204762 0.675000
1 0.430952 0.418750 0.176190 0.579167
1 0.600000 0.331250 0.142857 0.495833
1 0.740476 0.272917 0.128571 0.445833
1 0.301818 0.491803 0.087273 0.622951
1 0.483636 0.300546 0.021818 0.163934
1 0.500000 0.453333 0.146667 0.862222
1 0.935556 0.166667 0.093333 0.306667
1 0.410714 0.500000 0.080357 0.616071
1 0.573661 0.419643 0.075893 0.535714
1 0.491803 0.536364 0.306011 0.825455
1 0.528517 0.708333 0.068441 0.406250
1 0.627376 0.744792 0.083650 0.333333
1 0.716931 0.471805 0.174603 0.875940
1 0.240741 0.460526 0.153439 0.875940
1 0.315556 0.522222 0.177778 0.742222
1 0.497778 0.526667 0.168889 0.733333
1 0.682222 0.528889 0.182222 0.737778
1 0.345283 0.515789 0.124528 0.642105
1 0.488679 0.373684 0.109434 0.526316
1 0.592453 0.268421 0.075472 0.452632
1 0.664151 0.194737 0.052830 0.378947
1 0.726415 0.155263 0.056604 0.300000
1 0.128302 0.644737 0.083019 0.563158
1 0.783636 0.631148 0.112727 0.737705
1 0.920000 0.568306 0.130909 0.863388
1 0.111111 0.491111 0.142222 0.546667
1 0.337778 0.493333 0.151111 0.551111
1 0.582222 0.491111 0.142222 0.546667
1 0.804444 0.493333 0.133333 0.551111
1 0.203431 0.483806 0.279412 0.927126
1 0.470588 0.485830 0.235294 0.923077
1 0.737745 0.487854 0.269608 0.927126
1 0.491071 0.424107 0.250000 0.687500
1 0.164444 0.462222 0.071111 0.435556
1 0.328889 0.457778 0.071111 0.462222
1 0.497778 0.448889 0.071111 0.488889
1 0.668889 0.442222 0.075556 0.457778
1 0.820000 0.444444 0.066667 0.453333
1 0.525084 0.541667 0.066890 0.797619
1 0.525455 0.743169 0.054545 0.491803
1 0.627273 0.784153 0.083636 0.420765
1 0.443452 0.495000 0.410714 0.930000
1 0.217778 0.440000 0.080000 0.568889
1 0.102222 0.493333 0.080000 0.560000
1 0.335556 0.484444 0.075556 0.542222
1 0.444444 0.437778 0.080000 0.555556
1 0.564444 0.488889 0.071111 0.560000
1 0.675556 0.437778 0.080000 0.555556
1 0.793333 0.484444 0.075556 0.560000
1 0.906667 0.435556 0.080000 0.560000
1 0.469582 0.713542 0.049430 0.406250
1 0.376426 0.747396 0.076046 0.338542
1 0.387405 0.585938 0.110687 0.630208
1 0.070611 0.591146 0.125954 0.630208
1 0.841603 0.598958 0.103053 0.614583
1 0.507732 0.476834 0.201031 0.845560
1 0.562368 0.471698 0.063425 0.867925
1 0.477801 0.443396 0.071882 0.830189
1 0.390063 0.452830 0.069767 0.849057
1 0.597059 0.630435 0.135294 0.429952
1 0.526119 0.646277 0.067164 0.367021
1 0.593284 0.662234 0.044776 0.367021
1 0.649254 0.364362 0.044776 0.207447
1 0.699627 0.377660 0.033582 0.202128
1 0.415709 0.487047 0.042146 0.404145
1 0.586207 0.735751 0.068966 0.518135
1 0.365900 0.367876 0.026820 0.290155
1 0.053333 0.688889 0.080000 0.444444
1 0.168889 0.702222 0.097778 0.453333
1 0.311111 0.637778 0.080000 0.564444
1 0.480000 0.324444 0.124444 0.631111
1 0.266667 0.648810 0.140000 0.607143
1 0.436667 0.476190 0.120000 0.857143
1 0.593333 0.607143 0.126667 0.535714
1 0.755000 0.467262 0.143333 0.791667
1 0.479911 0.466518 0.147321 0.816964
1 0.488095 0.520067 0.309524 0.852843
1 0.148810 0.521739 0.285714 0.836120
1 0.833333 0.530100 0.321429 0.832776
1 0.248649 0.536364 0.048649 0.927273
1 0.391216 0.523636 0.071622 0.741818
1 0.475676 0.494545 0.062162 0.632727
1 0.029054 0.501818 0.055405 0.996364
1 0.542568 0.483636 0.052703 0.523636
1 0.593919 0.461818 0.039189 0.443636
1 0.634459 0.460000 0.020270 0.381818
1 0.670946 0.456364 0.022973 0.345455
1 0.704054 0.450909 0.021622 0.320000
1 0.735135 0.436364 0.018919 0.276364
1 0.760811 0.436364 0.018919 0.254545
1 0.784459 0.429091 0.014865 0.247273
1 0.804730 0.434545 0.017568 0.236364
1 0.823649 0.430909 0.014865 0.229091
1 0.843243 0.427273 0.013514 0.214545
1 0.859459 0.427273 0.010811 0.192727
1 0.876351 0.427273 0.012162 0.170909
1 0.891216 0.421818 0.009459 0.160000
1 0.908108 0.421818 0.010811 0.145455
1 0.922973 0.416364 0.010811 0.149091
1 0.937162 0.416364 0.009459 0.141818
1 0.951351 0.418182 0.010811 0.145455
1 0.964865 0.418182 0.010811 0.130909
1 0.560029 0.446289 0.191801 0.794922
1 0.273142 0.656250 0.087353 0.406250
1 0.466754 0.458984 0.052151 0.285156
1 0.565189 0.350586 0.048240 0.212891
1 0.638853 0.273438 0.036506 0.175781
1 0.685137 0.222656 0.024772 0.136719
1 0.496340 0.482422 0.023426 0.113281
1 0.393851 0.508789 0.032211 0.119141
1 0.256223 0.546875 0.029283 0.144531
1 0.054173 0.599609 0.023426 0.160156
1 0.220909 0.577670 0.020000 0.082524
1 0.010000 0.606796 0.016364 0.101942
1 0.371818 0.554612 0.016364 0.060680
1 0.477273 0.542476 0.016364 0.055825
1 0.559091 0.530340 0.012727 0.050971
1 0.298828 0.565430 0.055990 0.751953
1 0.401042 0.507812 0.057292 0.636719
1 0.183594 0.589844 0.075521 0.808594
1 0.078125 0.583008 0.085938 0.833984
1 0.506510 0.461914 0.046875 0.544922
1 0.593750 0.438477 0.044271 0.470703
1 0.576135 0.514648 0.215227 0.884766
1 0.332357 0.303711 0.073206 0.392578
1 0.269400 0.236328 0.052709 0.253906
1 0.224744 0.178711 0.024890 0.150391
1 0.564130 0.758789 0.060870 0.287109
1 0.418478 0.613281 0.034783 0.183594
1 0.347283 0.540039 0.025000 0.130859
1 0.310870 0.500977 0.017391 0.091797
1 0.290761 0.479492 0.014130 0.095703
1 0.169091 0.572639 0.032727 0.147700
1 0.342727 0.541162 0.020000 0.089588
1 0.370000 0.543584 0.023636 0.094431
1 0.405455 0.523002 0.021818 0.077482
1 0.443636 0.515738 0.014545 0.062954
1 0.472727 0.531477 0.010909 0.065375
1 0.480645 0.642684 0.174194 0.390568
1 0.448148 0.836177 0.018519 0.204778
1 0.128226 0.675937 0.098387 0.270859
1 0.772581 0.391778 0.022581 0.118501
1 0.826613 0.355502 0.020968 0.106409
1 0.367666 0.407227 0.010430 0.087891
1 0.388527 0.372070 0.007823 0.064453
1 0.348148 0.772727 0.092593 0.345455
1 0.181481 0.692929 0.066667 0.286869
1 0.057407 0.643434 0.059259 0.244444
1 0.609259 0.838384 0.074074 0.311111
1 0.922222 0.516162 0.044444 0.151515
1 0.851852 0.421212 0.029630 0.074747
1 0.813889 0.500000 0.035185 0.131313
1 0.724074 0.485859 0.037037 0.127273
1 0.650926 0.475758 0.042593 0.127273
1 0.587963 0.458586 0.024074 0.105051
1 0.531481 0.448485 0.029630 0.105051
1 0.485185 0.432323 0.018519 0.088889
1 0.446296 0.426263 0.022222 0.092929
1 0.405556 0.416162 0.018519 0.084848
1 0.374074 0.414141 0.018519 0.088889
1 0.344444 0.403030 0.018519 0.074747
1 0.498889 0.502000 0.080000 0.496000
1 0.697222 0.481000 0.081111 0.482000
1 0.283333 0.535000 0.086667 0.526000
1 0.198254 0.543750 0.107232 0.802500
1 0.422139 0.392500 0.090056 0.475000
1 0.320826 0.422500 0.097561 0.415000
1 0.212946 0.481250 0.099437 0.287500
1 0.659011 0.325000 0.053004 0.120000
1 0.660777 0.587500 0.056537 0.120000
1 0.233216 0.585000 0.049470 0.125000
1 0.280919 0.603750 0.081272 0.172500
1 0.336634 0.473750 0.151815 0.872500
1 0.818482 0.390000 0.118812 0.505000
1 0.114943 0.457500 0.074713 0.910000
1 0.242098 0.351250 0.058908 0.692500
1 0.406609 0.356250 0.048851 0.687500
1 0.572557 0.351250 0.053161 0.692500
1 0.741379 0.348750 0.063218 0.692500
1 0.910201 0.351250 0.053161 0.697500
1 0.492500 0.466250 0.115000 0.897500
1 0.503745 0.500000 0.355805 0.895000
1 0.657500 0.473750 0.130000 0.897500
1 0.085000 0.867500 0.040000 0.195000
1 0.211250 0.830000 0.027500 0.140000
1 0.305000 0.802500 0.025000 0.125000
1 0.038750 0.823750 0.027500 0.137500
1 0.027500 0.576250 0.020000 0.092500
1 0.066250 0.562500 0.022500 0.085000
1 0.106250 0.548750 0.017500 0.082500
1 0.135000 0.541250 0.015000 0.072500
1 0.158750 0.532500 0.012500 0.060000
1 0.197500 0.213750 0.025000 0.107500
1 0.112500 0.240000 0.025000 0.130000
1 0.080000 0.212500 0.020000 0.105000
1 0.326250 0.172500 0.012500 0.065000
1 0.296250 0.182500 0.012500 0.070000
1 0.262500 0.192500 0.015000 0.080000
1 0.256000 0.490000 0.240000 0.945000
1 0.166250 0.502500 0.157500 0.995000
1 0.500000 0.501250 0.165000 0.997500
1 0.840000 0.501250 0.165000 0.997500
1 0.250700 0.587500 0.310924 0.765000
1 0.721289 0.512500 0.310924 0.935000
1 0.890870 0.568750 0.035663 0.417500
1 0.830956 0.545000 0.029957 0.360000
1 0.768902 0.517500 0.031384 0.315000
1 0.719686 0.501250 0.029957 0.297500
1 0.676890 0.490000 0.021398 0.255000
1 0.636947 0.476250 0.021398 0.237500
1 0.599144 0.456250 0.019971 0.212500
1 0.554208 0.452500 0.018545 0.195000
1 0.512839 0.447500 0.021398 0.190000
1 0.476462 0.442500 0.017118 0.180000
1 0.439372 0.433750 0.017118 0.162500
1 0.404422 0.427500 0.015692 0.155000
1 0.376605 0.425000 0.017118 0.145000
1 0.352354 0.423750 0.017118 0.137500
1 0.322397 0.420000 0.017118 0.135000
1 0.296719 0.413750 0.019971 0.127500
1 0.259629 0.412500 0.014265 0.115000
1 0.225392 0.417500 0.014265 0.115000
1 0.301769 0.523933 0.133195 0.354839
1 0.770552 0.416233 0.125911 0.283039
