2 0.504444 0.637778 0.546667 0.662222
2 0.524590 0.576364 0.590164 0.774545
2 0.512727 0.500000 0.240000 0.661202
2 0.300000 0.434426 0.185455 0.453552
2 0.696364 0.475410 0.214545 0.590164
2 0.511111 0.520000 0.417778 0.906667
2 0.127413 0.677835 0.247104 0.644330
2 0.532819 0.515464 0.138996 0.391753
2 0.642857 0.389175 0.104247 0.324742
2 0.322394 0.260309 0.235521 0.510309
2 0.557377 0.516364 0.666667 0.858182
2 0.340000 0.530055 0.287273 0.513661
2 0.365979 0.621622 0.494845 0.586873
2 0.778351 0.171815 0.164948 0.204633
2 0.621134 0.222008 0.170103 0.250965
2 0.494845 0.528846 0.824742 0.765385
2 0.565476 0.483278 0.845238 0.685619
2 0.647170 0.376316 0.200000 0.342105
2 0.450943 0.381579 0.192453 0.331579
2 0.152830 0.373684 0.177358 0.273684
2 0.421818 0.672131 0.240000 0.644809
2 0.161818 0.647541 0.250909 0.704918
2 0.435268 0.575556 0.629464 0.822222
2 0.518919 0.544118 0.583784 0.698529
2 0.231061 0.335079 0.310606 0.523560
2 0.502222 0.500000 0.382222 0.751111
2 0.484925 0.525692 0.919598 0.916996
2 0.564444 0.597778 0.462222 0.786667
2 0.708108 0.819853 0.216216 0.257353
2 0.791892 0.549632 0.113514 0.113971
2 0.321622 0.553309 0.070270 0.099265
2 0.391892 0.566176 0.091892 0.117647
2 0.489189 0.599265 0.091892 0.117647
2 0.337838 0.382353 0.037838 0.058824
2 0.686486 0.470588 0.064865 0.073529
2 0.511321 0.600000 0.237736 0.578947
2 0.132075 0.213158 0.052830 0.121053
2 0.649057 0.221053 0.037736 0.084211
2 0.150519 0.714286 0.141869 0.262857
2 0.512111 0.731429 0.159170 0.274286
2 0.256055 0.502857 0.020761 0.068571
2 0.288927 0.502857 0.024221 0.057143
2 0.171667 0.613095 0.116667 0.273810
2 0.045000 0.473214 0.036667 0.077381
2 0.438333 0.494048 0.050000 0.142857
2 0.531667 0.455357 0.036667 0.125000
2 0.590000 0.422619 0.033333 0.095238
2 0.623333 0.413690 0.026667 0.065476
2 0.403774 0.771053 0.128302 0.310526
2 0.858491 0.710526 0.192453 0.284211
2 0.143396 0.539474 0.052830 0.131579
2 0.201887 0.534211 0.064151 0.131579
2 0.286792 0.528947 0.083019 0.121053
2 0.547170 0.510526 0.045283 0.105263
2 0.477778 0.557778 0.368889 0.573333
2 0.711321 0.523684 0.411321 0.710526
2 0.488679 0.339474 0.267925 0.500000
2 0.371698 0.252632 0.184906 0.378947
2 0.279245 0.215789 0.113208 0.315789
2 0.415301 0.390909 0.765027 0.665455
2 0.761667 0.491071 0.463333 0.946429
2 0.614754 0.505455 0.726776 0.661818
2 0.877358 0.465789 0.109434 0.215789
2 0.235849 0.513158 0.200000 0.352632
2 0.175573 0.486979 0.183206 0.421875
2 0.391221 0.500000 0.179389 0.458333
2 0.492366 0.403646 0.122137 0.484375
2 0.637405 0.523438 0.259542 0.494792
2 0.864504 0.658854 0.187023 0.494792
2 0.506711 0.603550 0.369128 0.781065
2 0.260067 0.215976 0.137584 0.420118
2 0.480695 0.636598 0.189189 0.438144
2 0.401544 0.399485 0.038610 0.108247
2 0.851351 0.335052 0.034749 0.061856
2 0.637066 0.345361 0.030888 0.072165
2 0.505076 0.517578 0.898477 0.902344
2 0.168342 0.723320 0.316583 0.450593
2 0.318182 0.591623 0.128788 0.272251
2 0.594697 0.541885 0.098485 0.204188
2 0.776515 0.497382 0.090909 0.188482
2 0.882576 0.463351 0.075758 0.162304
2 0.977273 0.439791 0.045455 0.125654
2 0.741176 0.646465 0.447059 0.686869
2 0.441176 0.454545 0.309804 0.454545
2 0.274510 0.272727 0.117647 0.242424
2 0.341808 0.470070 0.570621 0.588028
2 0.573446 0.281690 0.299435 0.352113
2 0.231518 0.625000 0.330739 0.596939
2 0.544747 0.494898 0.280156 0.479592
2 0.729572 0.385204 0.182879 0.341837
2 0.854086 0.311224 0.151751 0.285714
2 0.634241 0.178571 0.077821 0.153061
2 0.517510 0.178571 0.077821 0.153061
2 0.406615 0.168367 0.081712 0.122449
2 0.307393 0.160714 0.062257 0.127551
2 0.200389 0.155612 0.050584 0.107143
2 0.635678 0.520134 0.567839 0.959732
2 0.446328 0.487719 0.689266 0.785965
2 0.592784 0.546332 0.742268 0.752896
2 0.789091 0.748634 0.101818 0.316940
2 0.594545 0.759563 0.105455 0.284153
2 0.350909 0.740437 0.105455 0.245902
2 0.165455 0.647541 0.061818 0.158470
2 0.087273 0.625683 0.058182 0.125683
2 0.666667 0.675439 0.316384 0.242105
2 0.206215 0.514035 0.062147 0.066667
2 0.790960 0.522807 0.079096 0.084211
2 0.502618 0.486692 0.952880 0.882129
2 0.792453 0.418421 0.120755 0.215789
2 0.598113 0.521053 0.237736 0.421053
2 0.460377 0.489474 0.120755 0.336842
2 0.379245 0.473684 0.101887 0.305263
2 0.318868 0.460526 0.071698 0.257895
2 0.069811 0.442105 0.071698 0.147368
2 0.741597 0.497642 0.457983 0.929245
2 0.273109 0.483491 0.487395 0.891509
2 0.054545 0.879781 0.101818 0.240437
2 0.367273 0.808743 0.087273 0.196721
2 0.574545 0.775956 0.065455 0.174863
2 0.760000 0.745902 0.072727 0.147541
2 0.352830 0.531579 0.471698 0.736842
2 0.626415 0.465789 0.316981 0.689474
2 0.487805 0.438776 0.692683 0.746939
2 0.683636 0.590164 0.196364 0.349727
2 0.778182 0.483607 0.072727 0.169399
2 0.909091 0.568306 0.174545 0.338798
2 0.466495 0.339768 0.469072 0.478764
2 0.418079 0.498246 0.598870 0.554386
2 0.470909 0.822404 0.127273 0.289617
2 0.550909 0.674863 0.054545 0.158470
2 0.305128 0.443798 0.487179 0.748062
2 0.143266 0.569444 0.263610 0.694444
2 0.408309 0.541667 0.180516 0.513889
2 0.541547 0.524306 0.126074 0.381944
2 0.661891 0.510417 0.126074 0.326389
2 0.724928 0.500000 0.040115 0.263889
2 0.790831 0.482639 0.074499 0.243056
2 0.542135 0.612676 0.758427 0.654930
2 0.557377 0.645455 0.382514 0.512727
2 0.234973 0.552727 0.185792 0.232727
2 0.609312 0.745098 0.117409 0.264706
2 0.797571 0.747549 0.153846 0.259804
2 0.698842 0.376289 0.169884 0.412371
2 0.380309 0.345361 0.135135 0.391753
2 0.237452 0.453608 0.142857 0.340206
2 0.509653 0.579897 0.177606 0.458763
2 0.882239 0.355670 0.227799 0.556701
2 0.104247 0.350515 0.092664 0.309278
2 0.507547 0.313158 0.260377 0.468421
2 0.771698 0.300000 0.275472 0.442105
2 0.523196 0.501931 0.634021 0.795367
2 0.463636 0.494536 0.454545 0.857923
2 0.100000 0.333333 0.163636 0.262295
2 0.638182 0.404372 0.134545 0.459016
2 0.597938 0.440154 0.587629 0.610039
2 0.502577 0.567568 0.829897 0.826255
2 0.213333 0.666667 0.240000 0.311111
2 0.049091 0.543716 0.032727 0.092896
2 0.130909 0.647541 0.065455 0.234973
2 0.210909 0.710383 0.109091 0.273224
2 0.356364 0.806011 0.160000 0.366120
2 0.563636 0.770492 0.123636 0.327869
2 0.194981 0.433333 0.135135 0.394872
2 0.355212 0.387179 0.169884 0.425641
2 0.488417 0.556410 0.127413 0.384615
2 0.611969 0.379487 0.142857 0.348718
2 0.772201 0.400000 0.154440 0.358974
2 0.882239 0.438462 0.081081 0.343590
2 0.324528 0.455263 0.203774 0.342105
2 0.103448 0.543103 0.117241 0.362069
2 0.229310 0.293103 0.155172 0.413793
2 0.372414 0.270115 0.137931 0.402299
2 0.498276 0.416667 0.120690 0.362069
2 0.689655 0.482759 0.110345 0.344828
2 0.829310 0.304598 0.093103 0.310345
2 0.915000 0.595238 0.110000 0.309524
2 0.723333 0.532738 0.120000 0.255952
2 0.593333 0.491071 0.086667 0.255952
2 0.418333 0.416667 0.036667 0.119048
2 0.183636 0.784153 0.112727 0.300546
2 0.514545 0.795082 0.149091 0.300546
2 0.858182 0.797814 0.138182 0.273224
2 0.484536 0.449807 0.567010 0.722008
2 0.671756 0.406250 0.297710 0.781250
2 0.360687 0.263021 0.141221 0.442708
2 0.531111 0.520000 0.351111 0.675556
2 0.498333 0.669643 0.116667 0.232143
2 0.406667 0.604167 0.053333 0.172619
2 0.328333 0.392857 0.043333 0.107143
2 0.288333 0.264881 0.030000 0.089286
2 0.283333 0.181548 0.033333 0.077381
2 0.317778 0.497778 0.413333 0.613333
2 0.539326 0.614841 0.213483 0.226148
2 0.393258 0.514134 0.134831 0.159011
2 0.584906 0.457895 0.467925 0.863158
2 0.837736 0.386842 0.233962 0.573684
2 0.403774 0.321053 0.120755 0.242105
2 0.466102 0.485965 0.649718 0.733333
2 0.304233 0.500000 0.502646 0.640449
2 0.566138 0.543071 0.677249 0.913858
2 0.645455 0.781421 0.083636 0.196721
2 0.190909 0.775956 0.083636 0.185792
2 0.214829 0.393229 0.269962 0.630208
2 0.539924 0.476562 0.250951 0.630208
2 0.798479 0.382812 0.281369 0.671875
2 0.290970 0.755952 0.140468 0.357143
2 0.187291 0.735119 0.080268 0.351190
2 0.807692 0.500000 0.096990 0.190476
2 0.683946 0.485119 0.076923 0.172619
2 0.511706 0.443452 0.046823 0.101190
2 0.617057 0.461310 0.050167 0.148810
2 0.396321 0.458333 0.043478 0.107143
2 0.244147 0.488095 0.053512 0.154762
2 0.162207 0.473214 0.050167 0.148810
2 0.746667 0.473333 0.471111 0.902222
2 0.255556 0.475556 0.466667 0.906667
2 0.435567 0.397683 0.582474 0.602317
2 0.206215 0.382456 0.288136 0.308772
2 0.677966 0.161404 0.124294 0.126316
2 0.776836 0.117544 0.073446 0.080702
2 0.859615 0.775773 0.080769 0.159794
2 0.527273 0.500000 0.418182 0.727273
2 0.635496 0.591146 0.240458 0.578125
2 0.868321 0.580729 0.232824 0.567708
2 0.300000 0.639344 0.163636 0.338798
2 0.549091 0.639344 0.138182 0.316940
2 0.816364 0.647541 0.134545 0.311475
2 0.260618 0.520619 0.359073 0.824742
2 0.735521 0.528351 0.359073 0.840206
2 0.324121 0.527668 0.165829 0.225296
2 0.185930 0.515810 0.130653 0.162055
2 0.474874 0.575099 0.195980 0.272727
2 0.471649 0.357143 0.582474 0.567568
2 0.251412 0.345614 0.457627 0.473684
2 0.601695 0.266667 0.197740 0.203509
2 0.731638 0.235088 0.118644 0.133333
2 0.844633 0.217544 0.084746 0.091228
2 0.932203 0.205263 0.056497 0.080702
2 0.623077 0.783505 0.161538 0.309278
2 0.469231 0.842784 0.123077 0.314433
2 0.817308 0.569588 0.050000 0.118557
2 0.899621 0.549738 0.064394 0.136126
2 0.956439 0.714660 0.064394 0.141361
2 0.600379 0.476440 0.056818 0.115183
2 0.382239 0.793814 0.115830 0.237113
2 0.559846 0.793814 0.108108 0.216495
2 0.693050 0.798969 0.119691 0.206186
2 0.866795 0.824742 0.142857 0.309278
2 0.370229 0.809896 0.091603 0.182292
2 0.122137 0.617188 0.053435 0.130208
2 0.215649 0.593750 0.049618 0.104167
2 0.543893 0.705729 0.072519 0.151042
2 0.326336 0.559896 0.049618 0.098958
2 0.450382 0.544271 0.045802 0.088542
2 0.616412 0.651042 0.049618 0.114583
2 0.603636 0.816940 0.174545 0.355191
2 0.424303 0.791045 0.195219 0.308458
2 0.229084 0.813433 0.243028 0.353234
2 0.518041 0.403846 0.747423 0.615385
2 0.739382 0.850515 0.119691 0.247423
2 0.666023 0.775773 0.065637 0.149485
2 0.543825 0.890547 0.099602 0.199005
2 0.418327 0.855721 0.119522 0.169154
2 0.723282 0.757812 0.125954 0.286458
2 0.643130 0.606771 0.110687 0.234375
2 0.538168 0.515625 0.099237 0.177083
2 0.463740 0.458333 0.080153 0.156250
2 0.904580 0.421875 0.061069 0.135417
2 0.778626 0.367188 0.045802 0.109375
2 0.683206 0.333333 0.045802 0.093750
2 0.627863 0.317708 0.049618 0.083333
2 0.587786 0.315104 0.038168 0.078125
2 0.513359 0.315104 0.026718 0.067708
2 0.278626 0.289062 0.030534 0.078125
2 0.250000 0.302083 0.026718 0.062500
2 0.370229 0.343750 0.045802 0.093750
2 0.465854 0.274390 0.424390 0.475610
2 0.531073 0.535088 0.338983 0.326316
2 0.500000 0.621053 0.276836 0.210526
2 0.187273 0.625683 0.163636 0.377049
2 0.803636 0.639344 0.160000 0.360656
2 0.461818 0.453804 0.400000 0.820652
2 0.486166 0.462312 0.221344 0.603015
2 0.199605 0.562814 0.343874 0.743719
2 0.164444 0.788889 0.177778 0.200000
2 0.495556 0.688889 0.066667 0.088889
2 0.500000 0.503472 0.988571 0.993056
2 0.530055 0.521818 0.918033 0.869091
2 0.636364 0.710383 0.247273 0.579235
2 0.509091 0.722826 0.101818 0.260870
2 0.101322 0.729730 0.123348 0.180180
2 0.275330 0.702703 0.083700 0.153153
2 0.418502 0.675676 0.070485 0.126126
2 0.522026 0.662162 0.057269 0.108108
2 0.583700 0.655405 0.048458 0.094595
2 0.636564 0.646396 0.039648 0.085586
2 0.682819 0.628378 0.035242 0.076577
2 0.680000 0.674216 0.628571 0.526132
2 0.354515 0.889881 0.073579 0.220238
2 0.174545 0.688525 0.072727 0.196721
2 0.467273 0.666667 0.098182 0.174863
2 0.847273 0.644809 0.080000 0.153005
2 0.816364 0.540984 0.025455 0.043716
2 0.878182 0.551913 0.025455 0.065574
2 0.941818 0.571038 0.021818 0.060109
2 0.760000 0.532787 0.021818 0.049180
2 0.714545 0.527322 0.018182 0.049180
2 0.663636 0.524590 0.018182 0.043716
2 0.605455 0.521858 0.018182 0.038251
2 0.172727 0.532787 0.025455 0.049180
2 0.227273 0.532787 0.018182 0.049180
2 0.580268 0.701183 0.290970 0.597633
2 0.721429 0.855556 0.042857 0.111111
2 0.682143 0.816667 0.035714 0.100000
2 0.626786 0.750000 0.025000 0.066667
2 0.894000 0.480198 0.196000 0.336634
2 0.740000 0.465347 0.256000 0.455446
2 0.486000 0.460396 0.428000 0.584158
2 0.244000 0.467822 0.264000 0.450495
2 0.102000 0.477723 0.188000 0.331683
2 0.577428 0.821970 0.083990 0.265152
2 0.475066 0.704545 0.047244 0.151515
2 0.232143 0.638889 0.257143 0.555556
2 0.781818 0.434426 0.225455 0.704918
2 0.414545 0.502732 0.523636 0.994536
2 0.690476 0.545000 0.142857 0.330000
2 0.873016 0.487500 0.119048 0.265000
2 0.859127 0.647500 0.202381 0.285000
2 0.648889 0.635556 0.364444 0.693333
2 0.446552 0.706897 0.134483 0.298851
2 0.306897 0.750000 0.144828 0.339080
2 0.407749 0.782258 0.121771 0.241935
2 0.885609 0.583333 0.066421 0.123656
2 0.972325 0.537634 0.055351 0.107527
2 0.784153 0.772727 0.398907 0.454545
2 0.538168 0.432292 0.259542 0.489583
2 0.711832 0.325521 0.110687 0.338542
2 0.244240 0.797414 0.230415 0.267241
2 0.520737 0.875000 0.082949 0.120690
2 0.679724 0.872845 0.096774 0.125000
2 0.815668 0.862069 0.101382 0.137931
2 0.940092 0.859914 0.101382 0.133621
2 0.080645 0.836207 0.124424 0.198276
2 0.627863 0.321244 0.225191 0.414508
2 0.826336 0.212435 0.179389 0.383420
2 0.503546 0.514286 0.737589 0.678571
2 0.491228 0.633484 0.201754 0.352941
2 0.883772 0.459276 0.179825 0.248869
2 0.103070 0.452489 0.179825 0.253394
2 0.524444 0.351111 0.284444 0.480000
2 0.231111 0.348889 0.284444 0.475556
2 0.564982 0.445055 0.140794 0.307692
2 0.853791 0.634615 0.191336 0.423077
2 0.416968 0.346154 0.104693 0.241758
2 0.339350 0.277473 0.079422 0.181319
2 0.303249 0.228022 0.064982 0.159341
2 0.906137 0.079670 0.028881 0.060440
2 0.824910 0.079670 0.025271 0.060440
2 0.741877 0.068681 0.032491 0.049451
2 0.511538 0.125000 0.269231 0.152062
2 0.519231 0.657216 0.269231 0.149485
2 0.830769 0.936856 0.107692 0.054124
2 0.715385 0.922680 0.076923 0.041237
2 0.438462 0.943299 0.092308 0.046392
2 0.292308 0.923969 0.076923 0.038660
2 0.207692 0.908505 0.061538 0.033505
2 0.760000 0.466667 0.408889 0.737778
2 0.231111 0.462222 0.417778 0.728889
2 0.811111 0.495556 0.280000 0.475556
2 0.506667 0.495556 0.275556 0.466667
2 0.200000 0.502222 0.293333 0.462222
2 0.076819 0.444853 0.056604 0.257353
2 0.152291 0.452206 0.078167 0.257353
2 0.328841 0.426471 0.064690 0.308824
2 0.412399 0.426471 0.064690 0.294118
2 0.626685 0.466912 0.088949 0.345588
2 0.877358 0.444853 0.094340 0.389706
2 0.464706 0.643939 0.074510 0.156566
2 0.492157 0.547980 0.043137 0.085859
2 0.909465 0.656250 0.049383 0.091346
2 0.709877 0.629808 0.037037 0.067308
2 0.584362 0.620192 0.032922 0.057692
2 0.432099 0.600962 0.032922 0.057692
2 0.360082 0.593750 0.028807 0.052885
2 0.218107 0.586538 0.032922 0.048077
2 0.388031 0.294872 0.212355 0.456410
2 0.646718 0.287179 0.204633 0.441026
2 0.623552 0.735897 0.212355 0.425641
2 0.395753 0.746154 0.189189 0.456410
2 0.822394 0.289744 0.185328 0.425641
2 0.810811 0.700000 0.185328 0.405128
2 0.496599 0.457726 0.394558 0.279883
2 0.428571 0.934402 0.095238 0.061224
2 0.282313 0.908163 0.074830 0.043732
2 0.200680 0.890671 0.061224 0.037901
2 0.826531 0.924198 0.115646 0.075802
2 0.704082 0.911079 0.088435 0.043732
2 0.871369 0.590909 0.091286 0.157895
2 0.695021 0.504785 0.045643 0.062201
2 0.651452 0.605263 0.091286 0.157895
2 0.576763 0.559809 0.082988 0.133971
2 0.464730 0.574163 0.082988 0.143541
2 0.363071 0.531100 0.070539 0.114833
2 0.280083 0.547847 0.078838 0.119617
2 0.157676 0.526316 0.066390 0.105263
2 0.047718 0.509569 0.053942 0.090909
2 0.091286 0.495215 0.041494 0.071770
2 0.563636 0.036250 0.145455 0.037500
2 0.109091 0.037500 0.145455 0.030000
2 0.263636 0.038750 0.127273 0.027500
2 0.481818 0.197500 0.090909 0.025000
2 0.172727 0.411250 0.163636 0.037500
2 0.154545 0.473750 0.163636 0.042500
2 0.372727 0.471250 0.163636 0.042500
2 0.618182 0.473750 0.181818 0.042500
2 0.863636 0.473750 0.200000 0.037500
2 0.836364 0.520000 0.181818 0.045000
2 0.609091 0.522500 0.163636 0.040000
2 0.381818 0.520000 0.181818 0.040000
2 0.154545 0.520000 0.163636 0.040000
2 0.636364 0.902500 0.218182 0.040000
2 0.372727 0.902500 0.163636 0.035000
2 0.722222 0.506667 0.431111 0.604444
2 0.255556 0.511111 0.368889 0.595556
2 0.705240 0.420455 0.292576 0.513636
2 0.301310 0.411364 0.288210 0.513636
2 0.388087 0.626374 0.191336 0.472527
2 0.138989 0.620879 0.184116 0.472527
2 0.253333 0.468889 0.488889 0.724444
2 0.541971 0.383152 0.171533 0.364130
2 0.808394 0.497283 0.251825 0.548913
2 0.368613 0.293478 0.094891 0.206522
2 0.485714 0.630556 0.271429 0.683333
2 0.812500 0.569444 0.267857 0.805556
2 0.513333 0.500000 0.448889 0.644444
2 0.731111 0.482222 0.208889 0.342222
2 0.500000 0.482222 0.217778 0.360000
2 0.260000 0.484444 0.226667 0.373333
2 0.772321 0.531250 0.446429 0.758929
2 0.251111 0.524444 0.422222 0.648889
2 0.760000 0.531111 0.417778 0.653333
2 0.569686 0.508523 0.045296 0.107955
2 0.862369 0.832386 0.135889 0.312500
2 0.803136 0.744318 0.094077 0.250000
2 0.935540 0.869318 0.121951 0.261364
2 0.132287 0.413717 0.219731 0.340708
2 0.403587 0.413717 0.251121 0.349558
2 0.753363 0.371681 0.260090 0.407080
2 0.716887 0.494012 0.069536 0.173653
2 0.625828 0.431138 0.039735 0.131737
2 0.562914 0.419162 0.033113 0.107784
2 0.491722 0.383234 0.036424 0.083832
2 0.447020 0.374251 0.033113 0.089820
2 0.480296 0.626506 0.418719 0.546185
2 0.536269 0.415709 0.098446 0.126437
2 0.787565 0.417625 0.124352 0.137931
2 0.854922 0.634100 0.103627 0.134100
2 0.572539 0.632184 0.108808 0.130268
2 0.461140 0.634100 0.103627 0.126437
2 0.844948 0.656250 0.247387 0.642045
2 0.326255 0.634021 0.250965 0.484536
2 0.652510 0.636598 0.247104 0.479381
2 0.737410 0.168975 0.280576 0.182825
2 0.266187 0.168975 0.273381 0.177285
2 0.251799 0.853186 0.071942 0.049861
2 0.255396 0.908587 0.093525 0.049861
2 0.751799 0.707756 0.122302 0.063712
2 0.208633 0.727147 0.057554 0.036011
2 0.208633 0.761773 0.057554 0.027701
2 0.212230 0.792244 0.050360 0.027701
2 0.262590 0.727147 0.050360 0.024931
2 0.273381 0.756233 0.057554 0.027701
2 0.269784 0.790859 0.050360 0.030471
2 0.345324 0.937673 0.057554 0.030471
2 0.413669 0.934903 0.064748 0.036011
2 0.348921 0.871191 0.050360 0.030471
2 0.352518 0.904432 0.057554 0.036011
2 0.410072 0.871191 0.057554 0.030471
2 0.417266 0.903047 0.043165 0.033241
2 0.471223 0.872576 0.050360 0.033241
2 0.471223 0.905817 0.035971 0.027701
2 0.478417 0.936288 0.035971 0.027701
2 0.532374 0.934903 0.043165 0.030471
2 0.528777 0.871191 0.035971 0.036011
2 0.589928 0.872576 0.043165 0.027701
2 0.636691 0.872576 0.035971 0.027701
2 0.701439 0.872576 0.050360 0.027701
2 0.751799 0.871191 0.050360 0.030471
2 0.697842 0.901662 0.057554 0.030471
2 0.697842 0.930748 0.057554 0.027701
2 0.647482 0.901662 0.057554 0.030471
2 0.586331 0.903047 0.050360 0.027701
2 0.593525 0.934903 0.050360 0.036011
2 0.643885 0.936288 0.050360 0.033241
2 0.514388 0.724377 0.050360 0.036011
2 0.510791 0.764543 0.057554 0.038781
2 0.510791 0.801939 0.057554 0.036011
2 0.611511 0.717452 0.057554 0.044321
2 0.607914 0.763158 0.064748 0.041551
2 0.607914 0.807479 0.050360 0.036011
2 0.355422 0.138750 0.277108 0.087500
2 0.644578 0.142500 0.253012 0.085000
2 0.487952 0.337500 0.277108 0.085000
2 0.222892 0.816250 0.277108 0.082500
2 0.578313 0.815000 0.120482 0.035000
2 0.734940 0.813750 0.096386 0.027500
2 0.849398 0.808750 0.084337 0.022500
2 0.939759 0.808750 0.072289 0.022500
2 0.287791 0.182594 0.261628 0.221843
2 0.723837 0.182594 0.250000 0.215017
2 0.338710 0.158750 0.258065 0.072500
2 0.677419 0.160000 0.258065 0.075000
2 0.645161 0.375000 0.129032 0.040000
2 0.830645 0.375000 0.145161 0.040000
2 0.500000 0.510000 0.322581 0.075000
2 0.677419 0.758750 0.290323 0.072500
2 0.354839 0.758750 0.258065 0.072500
2 0.733871 0.952500 0.112903 0.030000
2 0.411290 0.956250 0.112903 0.032500
2 0.304444 0.357778 0.271111 0.422222
2 0.644444 0.348889 0.320000 0.440000
2 0.500000 0.500000 0.586667 0.946667
2 0.252660 0.348881 0.250000 0.279851
2 0.417553 0.882463 0.122340 0.115672
2 0.247340 0.835821 0.079787 0.082090
2 0.159574 0.804104 0.063830 0.070896
2 0.859043 0.863806 0.132979 0.138060
2 0.728723 0.832090 0.095745 0.082090
2 0.200772 0.721649 0.162162 0.350515
2 0.353282 0.695876 0.142857 0.340206
2 0.500000 0.708763 0.150579 0.345361
2 0.658301 0.729381 0.158301 0.355670
2 0.810811 0.721649 0.154440 0.350515
2 0.624434 0.701754 0.099548 0.140351
2 0.244344 0.839912 0.190045 0.258772
2 0.126697 0.322368 0.054299 0.065789
2 0.407240 0.320175 0.045249 0.061404
2 0.823529 0.609649 0.036199 0.052632
2 0.503333 0.500000 0.526667 0.826667
2 0.755556 0.502222 0.435556 0.684444
2 0.207589 0.468889 0.397321 0.582222
2 0.741071 0.471111 0.401786 0.577778
2 0.740196 0.414980 0.137255 0.174089
2 0.497778 0.497778 0.906667 0.977778
2 0.513333 0.508889 0.502222 0.777778
2 0.177778 0.633333 0.284444 0.448889
2 0.475556 0.640000 0.311111 0.462222
2 0.793333 0.646667 0.297778 0.448889
2 0.708904 0.569767 0.061644 0.174419
2 0.559932 0.447674 0.030822 0.069767
2 0.233333 0.460000 0.182222 0.271111
2 0.220532 0.513089 0.167300 0.366492
2 0.448669 0.523560 0.182510 0.376963
2 0.728137 0.518325 0.186312 0.376963
2 0.211111 0.324444 0.297778 0.497778
2 0.817757 0.102500 0.214953 0.090000
2 0.813084 0.753750 0.093458 0.037500
2 0.630841 0.755000 0.102804 0.035000
2 0.467290 0.748750 0.074766 0.032500
2 0.308411 0.745000 0.074766 0.025000
2 0.766355 0.912500 0.205607 0.085000
2 0.537383 0.895000 0.140187 0.065000
2 0.371111 0.353333 0.306667 0.546667
2 0.504444 0.517778 0.440000 0.724444
2 0.457778 0.555556 0.640000 0.888889
2 0.265909 0.459091 0.495455 0.736364
2 0.731111 0.500000 0.413333 0.688889
2 0.291111 0.520000 0.368889 0.586667
2 0.251534 0.519481 0.184049 0.649351
2 0.793478 0.857923 0.079710 0.196721
2 0.715580 0.786885 0.054348 0.142077
2 0.251812 0.855191 0.083333 0.202186
2 0.333333 0.740437 0.050725 0.114754
2 0.965580 0.404372 0.047101 0.131148
2 0.903986 0.363388 0.054348 0.114754
2 0.851449 0.333333 0.036232 0.098361
2 0.824275 0.306011 0.032609 0.076503
2 0.670290 0.737705 0.043478 0.109290
2 0.094203 0.300546 0.028986 0.065574
2 0.021739 0.325137 0.028986 0.081967
2 0.146739 0.286885 0.025362 0.060109
2 0.188406 0.278689 0.021739 0.043716
2 0.660494 0.785024 0.119342 0.236715
2 0.666667 0.545894 0.123457 0.241546
2 0.676955 0.292271 0.135802 0.256039
2 0.555556 0.294686 0.115226 0.231884
2 0.541152 0.533816 0.119342 0.236715
2 0.530864 0.780193 0.123457 0.256039
2 0.432099 0.280193 0.123457 0.260870
2 0.419753 0.538647 0.123457 0.236715
2 0.407407 0.782609 0.123457 0.251208
2 0.232510 0.289855 0.119342 0.222222
2 0.228395 0.519324 0.111111 0.227053
2 0.222222 0.736715 0.115226 0.227053
2 0.139918 0.492754 0.074074 0.173913
2 0.135802 0.671498 0.074074 0.173913
2 0.327160 0.292271 0.086420 0.236715
2 0.318930 0.526570 0.086420 0.222222
2 0.316872 0.756039 0.090535 0.227053
2 0.508000 0.161250 0.248000 0.107500
2 0.212000 0.292500 0.152000 0.065000
2 0.672000 0.530000 0.240000 0.100000
2 0.320000 0.670000 0.160000 0.070000
2 0.320000 0.803750 0.144000 0.062500
2 0.854839 0.212446 0.170507 0.270386
2 0.841014 0.757511 0.179724 0.270386
2 0.737500 0.591633 0.085000 0.107570
2 0.537500 0.605578 0.065000 0.087649
2 0.494208 0.533505 0.254826 0.572165
2 0.783784 0.597938 0.316602 0.628866
2 0.536517 0.294014 0.241573 0.214789
2 0.210674 0.625000 0.117978 0.109155
2 0.620787 0.632042 0.039326 0.038732
2 0.342222 0.511111 0.515556 0.844444
2 0.375000 0.555732 0.237500 0.187898
2 0.512500 0.831210 0.337500 0.267516
2 0.195767 0.183521 0.243386 0.262172
2 0.497354 0.183521 0.232804 0.254682
2 0.820106 0.183521 0.232804 0.254682
2 0.145503 0.529963 0.185185 0.213483
2 0.695767 0.743446 0.142857 0.161049
2 0.629630 0.902622 0.158730 0.164794
2 0.775132 0.902622 0.142857 0.164794
2 0.691111 0.622222 0.333333 0.622222
2 0.264444 0.524444 0.493333 0.826667
2 0.228889 0.753333 0.182222 0.315556
2 0.468889 0.757778 0.217778 0.315556
2 0.755556 0.742222 0.222222 0.346667
2 0.824251 0.251825 0.046322 0.211679
2 0.862398 0.270073 0.040872 0.218978
2 0.896458 0.277372 0.038147 0.175182
2 0.923706 0.281022 0.032698 0.167883
2 0.948229 0.277372 0.032698 0.160584
2 0.374532 0.404762 0.179775 0.428571
2 0.695035 0.144258 0.283688 0.154062
2 0.290780 0.358543 0.184397 0.100840
2 0.294326 0.556022 0.163121 0.098039
2 0.804444 0.344444 0.231111 0.324444
2 0.466667 0.433333 0.506667 0.751111
2 0.172107 0.626667 0.183976 0.573333
2 0.040365 0.608796 0.028646 0.102778
2 0.062240 0.603241 0.022396 0.099074
2 0.080990 0.596759 0.023438 0.093519
2 0.223958 0.506019 0.015625 0.037963
2 0.087240 0.530093 0.018229 0.056481
2 0.142708 0.518519 0.014583 0.050000
2 0.945052 0.550926 0.019271 0.061111
2 0.665365 0.465278 0.008854 0.017593
2 0.679167 0.469907 0.009375 0.019444
2 0.698958 0.475463 0.010417 0.023148
2 0.970052 0.558796 0.020313 0.069444
2 0.850521 0.521296 0.017708 0.048148
2 0.815885 0.527778 0.018229 0.050000
2 0.801562 0.524537 0.015625 0.049074
2 0.789062 0.521759 0.012500 0.047222
2 0.764323 0.517130 0.008854 0.043519
2 0.771615 0.517593 0.007812 0.048148
2 0.779687 0.520370 0.009375 0.048148
2 0.905208 0.559722 0.022917 0.067593
2 0.885938 0.556019 0.020833 0.069444
2 0.869010 0.552778 0.019271 0.064815
2 0.856250 0.549074 0.013542 0.061111
2 0.845052 0.545833 0.013021 0.060185
2 0.833073 0.544444 0.015104 0.061111
2 0.302604 0.418519 0.014583 0.046296
2 0.813021 0.628241 0.032292 0.095370
2 0.725781 0.566667 0.022396 0.057407
2 0.693229 0.544907 0.015625 0.039815
2 0.682292 0.535648 0.010417 0.032407
2 0.878906 0.670370 0.040104 0.120370
2 0.752604 0.588426 0.026042 0.067593
2 0.714844 0.562500 0.019271 0.050926
2 0.086979 0.533796 0.017708 0.052778
2 0.191146 0.517593 0.014583 0.042593
2 0.243229 0.509259 0.013542 0.035185
2 0.275521 0.503241 0.011458 0.032407
2 0.304167 0.497685 0.010417 0.030556
2 0.335938 0.493981 0.010417 0.026852
2 0.355208 0.490741 0.009375 0.024074
2 0.371875 0.489815 0.007292 0.020370
2 0.388802 0.485185 0.008854 0.020370
2 0.399479 0.485185 0.007292 0.018519
2 0.408854 0.484259 0.007292 0.018519
2 0.416927 0.481944 0.005729 0.015741
2 0.426042 0.481481 0.006250 0.014815
2 0.433333 0.480556 0.005208 0.012963
2 0.111979 0.527778 0.016667 0.051852
2 0.181510 0.513889 0.014063 0.044444
2 0.235677 0.505093 0.013021 0.036111
2 0.282813 0.498148 0.010417 0.033333
2 0.312240 0.492593 0.009896 0.027778
2 0.336979 0.489815 0.010417 0.025926
2 0.355208 0.486574 0.008333 0.025000
2 0.374479 0.482407 0.008333 0.022222
2 0.390104 0.481481 0.006250 0.018519
2 0.434896 0.474537 0.005208 0.013889
2 0.049740 0.539815 0.017188 0.059259
2 0.154167 0.519907 0.014583 0.045370
2 0.222135 0.507870 0.011979 0.039815
2 0.292969 0.495833 0.010937 0.032407
2 0.321875 0.489815 0.009375 0.025926
2 0.347917 0.486111 0.008333 0.024074
2 0.369271 0.483333 0.007292 0.022222
2 0.383854 0.481019 0.007292 0.019444
2 0.398958 0.478241 0.005208 0.017593
2 0.081510 0.535648 0.017188 0.052778
2 0.179688 0.519907 0.014583 0.043519
2 0.241667 0.509259 0.013542 0.035185
2 0.292187 0.502315 0.010417 0.028704
