1 0.954427 0.650000 0.011979 0.112963
1 0.894010 0.623611 0.011979 0.091667
1 0.845052 0.603704 0.006771 0.081481
1 0.157031 0.867593 0.018229 0.196296
1 0.274219 0.764352 0.023438 0.193519
1 0.343750 0.683333 0.016667 0.144444
1 0.382031 0.633796 0.011979 0.115741
1 0.408073 0.602778 0.008854 0.096296
1 0.426563 0.578241 0.010417 0.078704
1 0.439583 0.562963 0.007292 0.066667
1 0.450000 0.548611 0.005208 0.060185
1 0.457031 0.539815 0.003646 0.053704
1 0.463281 0.531019 0.002604 0.050926
1 0.467708 0.525000 0.003125 0.044444
1 0.473438 0.517593 0.002083 0.044444
1 0.476823 0.516204 0.001563 0.037963
1 0.480990 0.508796 0.001563 0.037963
1 0.483594 0.507407 0.002604 0.035185
1 0.089583 0.724537 0.018750 0.163889
1 0.182292 0.665278 0.017708 0.128704
1 0.243490 0.625463 0.014063 0.108333
1 0.285417 0.596296 0.011458 0.088889
1 0.318490 0.575926 0.007812 0.077778
1 0.344010 0.559722 0.004687 0.067593
1 0.362240 0.547685 0.003646 0.060185
1 0.379427 0.539352 0.004687 0.054630
1 0.392969 0.531944 0.003646 0.050926
1 0.430469 0.511574 0.002604 0.037963
1 0.435677 0.506944 0.002604 0.036111
1 0.445052 0.501852 0.001563 0.025926
1 0.448958 0.497685 0.002083 0.028704
1 0.453646 0.496296 0.002083 0.024074
1 0.457031 0.492593 0.002604 0.024074
1 0.460677 0.491204 0.001563 0.026852
1 0.463281 0.489352 0.001563 0.021296
1 0.132031 0.542130 0.003646 0.047222
1 0.157552 0.537500 0.004687 0.045370
1 0.179427 0.531944 0.004687 0.047222
1 0.199740 0.527778 0.004687 0.040741
1 0.217708 0.522222 0.005208 0.038889
1 0.235156 0.519907 0.003646 0.036111
1 0.249219 0.513426 0.003646 0.037963
1 0.264323 0.511574 0.003646 0.034259
1 0.274740 0.507870 0.002604 0.034259
1 0.287500 0.505556 0.002083 0.031481
1 0.296875 0.503704 0.002083 0.031481
1 0.307292 0.501852 0.002083 0.027778
1 0.316927 0.498611 0.002604 0.026852
1 0.333594 0.493981 0.002604 0.028704
1 0.339323 0.493981 0.001563 0.030556
1 0.921094 0.823148 0.021354 0.168519
1 0.811458 0.745370 0.018750 0.174074
1 0.748177 0.675463 0.013021 0.126852
1 0.707031 0.632407 0.015104 0.116667
1 0.154948 0.808333 0.032813 0.222222
1 0.329427 0.635648 0.014063 0.115741
1 0.391667 0.574074 0.012500 0.079630
1 0.421354 0.546759 0.008333 0.065741
1 0.440885 0.526852 0.006771 0.048148
1 0.236979 0.721296 0.010417 0.174074
1 0.344792 0.618519 0.011458 0.109259
1 0.395313 0.572685 0.009375 0.078704
1 0.928906 0.793519 0.026562 0.194444
1 0.820312 0.692593 0.018750 0.150000
1 0.758854 0.638426 0.012500 0.110185
1 0.732552 0.614352 0.014063 0.099074
1 0.696094 0.584259 0.011979 0.085185
1 0.671875 0.563426 0.010417 0.071296
1 0.656771 0.549537 0.009375 0.062037
1 0.634115 0.531944 0.007812 0.054630
1 0.927083 0.572685 0.005208 0.065741
1 0.870833 0.552778 0.006250 0.057407
1 0.826042 0.533333 0.005208 0.053704
1 0.788281 0.521296 0.005729 0.048148
1 0.925781 0.787037 0.025521 0.200000
1 0.793229 0.675000 0.021875 0.140741
1 0.748177 0.624074 0.017188 0.111111
1 0.731250 0.592593 0.013542 0.092593
1 0.711458 0.564815 0.006250 0.079630
1 0.693750 0.594444 0.012500 0.094444
1 0.647396 0.561574 0.010417 0.076852
1 0.622656 0.541667 0.011979 0.064815
1 0.990104 0.591667 0.006250 0.077778
1 0.932552 0.557870 0.005729 0.067593
1 0.040104 0.568519 0.004167 0.085185
1 0.248958 0.808796 0.023958 0.230556
1 0.300521 0.742130 0.025000 0.189815
1 0.364323 0.661574 0.018229 0.139815
1 0.400521 0.615278 0.010417 0.108333
1 0.416146 0.597685 0.013542 0.097222
1 0.428125 0.583333 0.011458 0.088889
1 0.445573 0.560648 0.007812 0.075000
1 0.453385 0.551852 0.007812 0.068519
1 0.457813 0.543981 0.006250 0.065741
1 0.462760 0.541204 0.004687 0.060185
1 0.467187 0.532870 0.004167 0.060185
1 0.472396 0.530556 0.003125 0.057407
1 0.177604 0.872222 0.013542 0.203704
1 0.251823 0.817593 0.033854 0.227778
1 0.305990 0.745370 0.026562 0.187037
1 0.340365 0.702315 0.024479 0.154630
1 0.403646 0.619444 0.015625 0.107407
1 0.417969 0.603241 0.015104 0.099074
1 0.438802 0.576852 0.008854 0.081481
1 0.446094 0.567593 0.006771 0.074074
1 0.461719 0.544907 0.005729 0.060185
1 0.474740 0.528704 0.007812 0.051852
1 0.157812 0.655093 0.017708 0.141667
1 0.256250 0.593519 0.014583 0.107407
1 0.317708 0.559722 0.013542 0.086111
1 0.341146 0.651389 0.019792 0.136111
1 0.391667 0.592593 0.014583 0.105556
1 0.416406 0.573148 0.011979 0.088889
1 0.810677 0.611111 0.008854 0.103704
1 0.776563 0.589352 0.011458 0.087963
1 0.936458 0.608796 0.010417 0.087963
1 0.886198 0.586111 0.008854 0.075926
1 0.845573 0.569907 0.008854 0.065741
1 0.813021 0.555556 0.006250 0.057407
1 0.811719 0.556019 0.006771 0.058333
1 0.785417 0.542593 0.004167 0.051852
1 0.761719 0.534722 0.004687 0.050926
1 0.743229 0.525926 0.004167 0.044444
1 0.056250 0.678704 0.015625 0.148148
1 0.235156 0.585185 0.006771 0.090741
1 0.312240 0.546296 0.006771 0.070370
1 0.360417 0.520833 0.005208 0.054630
1 0.386198 0.506019 0.004687 0.049074
1 0.021615 0.695370 0.014063 0.151852
1 0.196354 0.604630 0.013542 0.105556
1 0.294792 0.552315 0.010417 0.076852
1 0.339844 0.528704 0.004687 0.059259
1 0.778385 0.771296 0.022396 0.192593
1 0.749479 0.721296 0.018750 0.166667
1 0.727604 0.683796 0.017708 0.145370
1 0.710677 0.653241 0.014063 0.130556
1 0.696875 0.628704 0.011458 0.116667
1 0.685677 0.611574 0.010937 0.102778
1 0.670573 0.586111 0.006771 0.090741
1 0.663802 0.580093 0.005729 0.095370
1 0.657292 0.567130 0.005208 0.076852
1 0.647917 0.549074 0.004167 0.061111
1 0.820312 0.806944 0.019792 0.152778
1 0.902865 0.714352 0.019271 0.152778
1 0.833594 0.660185 0.010937 0.125926
1 0.788542 0.622222 0.008333 0.103704
1 0.711979 0.563426 0.005208 0.062037
1 0.696615 0.552778 0.004687 0.061111
1 0.675781 0.535648 0.003646 0.049074
1 0.892448 0.822685 0.022396 0.193519
1 0.835677 0.773148 0.025521 0.194444
1 0.796615 0.722222 0.024479 0.172222
1 0.767188 0.681481 0.021875 0.150000
1 0.742708 0.653704 0.017708 0.129630
1 0.723177 0.628241 0.014063 0.115741
1 0.707292 0.612500 0.007292 0.104630
1 0.695312 0.597222 0.006250 0.096296
1 0.683854 0.580556 0.006250 0.075926
1 0.675000 0.567593 0.005208 0.068519
1 0.666406 0.560185 0.005729 0.070370
1 0.659115 0.553241 0.004687 0.067593
1 0.653646 0.548611 0.004167 0.065741
1 0.648438 0.541667 0.004167 0.062963
1 0.643229 0.533796 0.004167 0.056481
1 0.638802 0.532870 0.003646 0.062037
1 0.634896 0.528241 0.004167 0.062037
1 0.631510 0.521759 0.002604 0.056481
1 0.934375 0.826389 0.019792 0.175000
1 0.867448 0.781481 0.024479 0.198148
1 0.821094 0.727778 0.021354 0.172222
1 0.787240 0.690278 0.022396 0.150926
1 0.759375 0.659259 0.017708 0.131481
1 0.736719 0.637037 0.014063 0.116667
1 0.720052 0.616204 0.016146 0.106481
1 0.704167 0.600463 0.013542 0.095370
1 0.691406 0.587037 0.007812 0.083333
1 0.680469 0.575000 0.006771 0.077778
1 0.669792 0.562037 0.005208 0.068519
1 0.662500 0.556019 0.005208 0.067593
1 0.654948 0.549537 0.005729 0.065741
1 0.647656 0.544907 0.006771 0.062037
1 0.640885 0.538426 0.003646 0.063889
1 0.635677 0.534259 0.004687 0.059259
1 0.632031 0.526852 0.005729 0.053704
1 0.627604 0.523611 0.005208 0.054630
1 0.622656 0.520370 0.003646 0.051852
1 0.619010 0.518519 0.003646 0.048148
1 0.615365 0.514815 0.003646 0.048148
1 0.947135 0.822222 0.020313 0.183333
1 0.879167 0.779630 0.023958 0.200000
1 0.833073 0.728241 0.022396 0.173148
1 0.794010 0.688889 0.021354 0.148148
1 0.763542 0.658796 0.015625 0.130556
1 0.739844 0.634722 0.014063 0.117593
1 0.720833 0.614815 0.013542 0.107407
1 0.704427 0.599074 0.010937 0.096296
1 0.691406 0.586574 0.005729 0.091667
1 0.678385 0.575000 0.006771 0.081481
1 0.668490 0.564352 0.006771 0.078704
1 0.198437 0.695370 0.021875 0.151852
1 0.326042 0.591204 0.012500 0.089815
1 0.397917 0.549074 0.005208 0.062963
1 0.437500 0.525463 0.005208 0.049074
1 0.460677 0.506944 0.004687 0.043519
1 0.246094 0.646296 0.010937 0.125926
1 0.357292 0.569444 0.008333 0.079630
1 0.411198 0.532870 0.003646 0.060185
1 0.217448 0.608333 0.011979 0.105556
1 0.056771 0.861574 0.022917 0.176852
1 0.159375 0.754630 0.025000 0.188889
1 0.231510 0.681481 0.022396 0.146296
1 0.291927 0.629167 0.016146 0.113889
1 0.332292 0.594907 0.006250 0.093519
1 0.362240 0.569907 0.008854 0.080556
1 0.384635 0.551389 0.005729 0.071296
1 0.401823 0.537037 0.004687 0.062963
1 0.414583 0.525926 0.004167 0.053704
1 0.425521 0.516204 0.005208 0.047222
1 0.433594 0.511574 0.002604 0.037963
1 0.441146 0.504167 0.005208 0.041667
1 0.448437 0.497685 0.003125 0.036111
1 0.453906 0.494907 0.003646 0.036111
1 0.458594 0.488889 0.002604 0.033333
1 0.463021 0.485185 0.003125 0.029630
1 0.466667 0.482407 0.002083 0.031481
1 0.470833 0.480556 0.002083 0.029630
1 0.474479 0.479630 0.003125 0.027778
1 0.477865 0.478241 0.001563 0.026852
1 0.146094 0.730556 0.026562 0.177778
1 0.236719 0.659722 0.014063 0.134259
1 0.293229 0.615278 0.013542 0.112037
1 0.331250 0.582870 0.008333 0.086111
1 0.360417 0.560648 0.005208 0.073148
1 0.383073 0.546759 0.004687 0.067593
1 0.400781 0.534259 0.003646 0.057407
1 0.414583 0.524074 0.004167 0.055556
1 0.426302 0.516667 0.002604 0.050000
1 0.434635 0.507870 0.003646 0.041667
1 0.444010 0.500926 0.002604 0.038889
1 0.450781 0.499074 0.002604 0.035185
1 0.456250 0.494907 0.002083 0.034259
1 0.461979 0.488889 0.003125 0.033333
1 0.465885 0.485185 0.002604 0.029630
1 0.470573 0.482870 0.002604 0.026852
1 0.474219 0.479630 0.002604 0.025926
1 0.478385 0.477315 0.002604 0.028704
1 0.481510 0.475463 0.001563 0.026852
1 0.110937 0.754630 0.021875 0.185185
1 0.209896 0.682407 0.017708 0.146296
1 0.279687 0.630556 0.012500 0.114815
1 0.322135 0.598611 0.010937 0.097222
1 0.355729 0.571296 0.007292 0.075926
1 0.379948 0.557407 0.008854 0.070370
1 0.400000 0.541204 0.006250 0.058333
1 0.415365 0.531019 0.003646 0.054630
1 0.425781 0.524074 0.003646 0.051852
1 0.436198 0.513889 0.003646 0.044444
1 0.444792 0.509722 0.003125 0.041667
1 0.451042 0.505556 0.003125 0.037037
1 0.457292 0.500926 0.004167 0.035185
1 0.463281 0.496759 0.002604 0.032407
1 0.466927 0.493056 0.001563 0.028704
1 0.471354 0.490278 0.002083 0.026852
1 0.475260 0.489815 0.001563 0.024074
1 0.090104 0.788889 0.028125 0.212963
1 0.210677 0.695833 0.018229 0.156481
1 0.282552 0.639352 0.011979 0.119444
1 0.329688 0.603241 0.006250 0.097222
1 0.360938 0.576852 0.005208 0.081481
1 0.385677 0.559259 0.004687 0.074074
1 0.406771 0.542130 0.005208 0.062037
1 0.421354 0.531944 0.004167 0.056481
1 0.434115 0.522222 0.003646 0.048148
1 0.444010 0.514815 0.003646 0.046296
1 0.453125 0.510648 0.004167 0.047222
1 0.460417 0.504167 0.003125 0.036111
1 0.466406 0.498148 0.003646 0.035185
1 0.673177 0.504167 0.001563 0.028704
1 0.677604 0.504167 0.002083 0.032407
1 0.682552 0.505556 0.002604 0.033333
1 0.036979 0.761574 0.028125 0.186111
1 0.150521 0.687037 0.016667 0.150000
1 0.226042 0.636111 0.013542 0.120370
1 0.278125 0.598611 0.010417 0.099074
1 0.316146 0.575463 0.006250 0.084259
1 0.344531 0.558333 0.004687 0.068519
1 0.365104 0.541667 0.005208 0.061111
1 0.385156 0.529630 0.005729 0.055556
1 0.399479 0.522222 0.007292 0.051852
1 0.244010 0.833333 0.034896 0.233333
1 0.334896 0.713426 0.025000 0.165741
1 0.383594 0.648148 0.015104 0.127778
1 0.414583 0.607870 0.014583 0.108333
1 0.433854 0.579630 0.008333 0.087037
1 0.448698 0.561111 0.006771 0.077778
1 0.460156 0.544907 0.004687 0.065741
1 0.467448 0.531481 0.004687 0.064815
1 0.473958 0.521296 0.003125 0.059259
1 0.479687 0.514815 0.002083 0.053704
1 0.440365 0.499537 0.004687 0.032407
1 0.445052 0.494444 0.001563 0.033333
1 0.454688 0.488889 0.003125 0.029630
1 0.484635 0.511111 0.002604 0.046296
1 0.488542 0.503704 0.003125 0.040741
1 0.942187 0.626389 0.013542 0.099074
1 0.038802 0.749537 0.028646 0.187963
1 0.148438 0.677778 0.020833 0.151852
1 0.224479 0.626852 0.013542 0.114815
1 0.259635 0.824074 0.029687 0.231481
1 0.276302 0.592593 0.011979 0.100000
1 0.341667 0.702778 0.025000 0.168519
1 0.316927 0.567593 0.007812 0.081481
1 0.346094 0.548611 0.007812 0.067593
1 0.387240 0.640278 0.014063 0.126852
1 0.418490 0.597222 0.015104 0.100000
1 0.436198 0.568981 0.009896 0.086111
1 0.450260 0.550463 0.008854 0.075000
1 0.461458 0.537500 0.007292 0.067593
1 0.470313 0.525463 0.005208 0.060185
1 0.476823 0.516204 0.003646 0.052778
1 0.482292 0.512500 0.004167 0.047222
1 0.486719 0.506019 0.003646 0.045370
1 0.489844 0.501852 0.003646 0.042593
1 0.318750 0.779167 0.032292 0.212037
1 0.386979 0.681944 0.021875 0.149074
1 0.420052 0.629630 0.015104 0.116667
1 0.445833 0.587037 0.008333 0.094444
1 0.457813 0.565741 0.005208 0.079630
1 0.476562 0.533333 0.006250 0.061111
1 0.976302 0.712500 0.019271 0.150926
1 0.898958 0.653241 0.017708 0.119444
1 0.835938 0.606019 0.014583 0.093519
1 0.760938 0.546759 0.007292 0.063889
1 0.734896 0.526852 0.005208 0.051852
1 0.714323 0.512963 0.004687 0.044444
1 0.924219 0.652778 0.008854 0.118519
1 0.836198 0.591667 0.009896 0.083333
1 0.897135 0.652315 0.019271 0.117593
1 0.819792 0.597222 0.011458 0.090741
1 0.767448 0.570370 0.008854 0.059259
1 0.463542 0.536574 0.004167 0.062037
1 0.431771 0.525926 0.005208 0.057407
1 0.421094 0.517593 0.003646 0.051852
1 0.412760 0.511111 0.004687 0.048148
1 0.406771 0.503704 0.006250 0.044444
1 0.731510 0.611111 0.021354 0.172222
1 0.668229 0.534259 0.011458 0.120370
1 0.296875 0.530556 0.008333 0.116667
1 0.212240 0.612500 0.023438 0.156481
1 0.216406 0.551852 0.015104 0.127778
1 0.334375 0.531944 0.015625 0.115741
1 0.378646 0.431944 0.005208 0.062037
1 0.399479 0.462963 0.006250 0.081481
1 0.419271 0.441204 0.006250 0.065741
1 0.794271 0.622685 0.016667 0.173148
1 0.712500 0.530093 0.011458 0.119444
1 0.648438 0.464352 0.009375 0.076852
1 0.625521 0.440278 0.007292 0.065741
1 0.167708 0.682870 0.025000 0.136111
1 0.231510 0.659722 0.023438 0.178704
1 0.270833 0.616667 0.022917 0.161111
1 0.303125 0.582870 0.022917 0.139815
1 0.329427 0.554630 0.017188 0.125926
1 0.350000 0.532407 0.016667 0.112963
1 0.367188 0.513889 0.012500 0.103704
1 0.381250 0.500463 0.011458 0.093519
1 0.392448 0.488889 0.011979 0.087037
1 0.402344 0.477778 0.006771 0.079630
1 0.410938 0.467130 0.005208 0.075000
1 0.418750 0.457870 0.004167 0.067593
1 0.426042 0.453241 0.004167 0.063889
1 0.432552 0.444444 0.003646 0.061111
1 0.439063 0.439815 0.003125 0.055556
1 0.443229 0.434259 0.003125 0.051852
1 0.447396 0.427315 0.003125 0.047222
1 0.451562 0.425463 0.002083 0.045370
1 0.455729 0.422222 0.002083 0.046296
1 0.294010 0.608796 0.008854 0.102778
1 0.342708 0.614352 0.008333 0.104630
1 0.333073 0.571759 0.004687 0.076852
1 0.355729 0.549537 0.004167 0.063889
1 0.385417 0.573148 0.005208 0.077778
1 0.373958 0.531481 0.004167 0.053704
1 0.385937 0.517593 0.003125 0.038889
1 0.395833 0.512963 0.003125 0.042593
1 0.415104 0.552778 0.007292 0.068519
1 0.437500 0.536574 0.006250 0.060185
1 0.457552 0.524537 0.004687 0.047222
1 0.476823 0.514352 0.004687 0.041667
1 0.834375 0.655556 0.025000 0.146296
1 0.757292 0.589352 0.021875 0.143519
1 0.708594 0.537500 0.019271 0.113889
1 0.680990 0.504167 0.010937 0.095370
1 0.657552 0.478241 0.007812 0.080556
1 0.644271 0.464352 0.007292 0.071296
1 0.629427 0.449537 0.007812 0.062037
1 0.618229 0.439352 0.006250 0.054630
1 0.610156 0.429630 0.004687 0.051852
1 0.601302 0.422685 0.003646 0.047222
1 0.595833 0.415741 0.004167 0.044444
1 0.590885 0.412500 0.003646 0.039815
1 0.586979 0.406944 0.004167 0.037963
1 0.583594 0.404167 0.002604 0.037963
1 0.580469 0.400000 0.003646 0.033333
1 0.576562 0.396759 0.002083 0.028704
1 0.942448 0.656019 0.023438 0.145370
1 0.849479 0.598148 0.020833 0.137037
1 0.787500 0.549074 0.016667 0.112963
1 0.741927 0.512963 0.016146 0.094444
1 0.705729 0.488426 0.014583 0.082407
1 0.662760 0.468056 0.010937 0.073148
1 0.629167 0.456019 0.005208 0.067593
1 0.619010 0.441667 0.004687 0.059259
1 0.610156 0.432870 0.003646 0.050926
1 0.603385 0.423611 0.003646 0.045370
1 0.597917 0.418981 0.004167 0.045370
1 0.592969 0.412963 0.003646 0.040741
1 0.589583 0.409259 0.002083 0.038889
1 0.585417 0.406019 0.003125 0.034259
1 0.582031 0.403241 0.003646 0.034259
1 0.578385 0.400926 0.003646 0.033333
1 0.972135 0.626852 0.025521 0.155556
1 0.820052 0.529630 0.010937 0.107407
1 0.790625 0.654167 0.019792 0.152778
1 0.719271 0.589352 0.020833 0.147222
1 0.675521 0.535648 0.016667 0.113889
1 0.672917 0.435185 0.004167 0.051852
1 0.658594 0.426389 0.004687 0.047222
1 0.647135 0.419907 0.003646 0.043519
1 0.636458 0.415278 0.003125 0.041667
1 0.626563 0.409722 0.003125 0.039815
1 0.618490 0.405093 0.002604 0.036111
1 0.610417 0.402778 0.003125 0.031481
1 0.604688 0.397222 0.002083 0.029630
1 0.598698 0.395370 0.001563 0.029630
1 0.593750 0.392593 0.002083 0.025926
1 0.644792 0.497222 0.006250 0.092593
1 0.628906 0.475463 0.009896 0.078704
1 0.615104 0.458796 0.009375 0.067593
1 0.602344 0.445370 0.006771 0.061111
1 0.594010 0.435185 0.005729 0.051852
1 0.586458 0.427315 0.003125 0.047222
1 0.580469 0.421296 0.003646 0.042593
1 0.575521 0.417593 0.002083 0.037037
1 0.571354 0.412500 0.003125 0.036111
1 0.589323 0.390278 0.002604 0.025000
1 0.585417 0.387500 0.002083 0.023148
1 0.580729 0.386111 0.003125 0.025926
1 0.574740 0.383333 0.001563 0.024074
1 0.572135 0.382407 0.001563 0.022222
1 0.567187 0.409722 0.002083 0.032407
1 0.569531 0.380556 0.001563 0.022222
1 0.564583 0.405093 0.002083 0.026852
1 0.246354 0.474537 0.005208 0.065741
1 0.277344 0.460648 0.004687 0.060185
1 0.302344 0.448148 0.004687 0.053704
1 0.321875 0.438426 0.003125 0.049074
1 0.339323 0.430093 0.003646 0.043519
1 0.353646 0.424537 0.003125 0.041667
1 0.365365 0.421296 0.003646 0.038889
1 0.976562 0.468519 0.005208 0.055556
1 0.942969 0.458796 0.005729 0.045370
1 0.917969 0.449537 0.005729 0.047222
1 0.890885 0.442130 0.005729 0.045370
1 0.867969 0.434722 0.003646 0.037963
1 0.845833 0.427315 0.003125 0.036111
1 0.829427 0.422685 0.002604 0.036111
1 0.810937 0.417593 0.003125 0.033333
1 0.795573 0.414352 0.002604 0.030556
1 0.782031 0.409722 0.003646 0.028704
1 0.767708 0.405556 0.003125 0.025926
1 0.755469 0.401852 0.003646 0.027778
1 0.746354 0.399537 0.003125 0.025000
1 0.736198 0.399074 0.003646 0.025926
1 0.727604 0.396296 0.002083 0.022222
1 0.721094 0.395833 0.002604 0.021296
1 0.713281 0.392130 0.002604 0.021296
1 0.707031 0.390278 0.002604 0.021296
1 0.699219 0.387500 0.002604 0.019444
1 0.680208 0.383333 0.002083 0.020370
1 0.674219 0.381944 0.002604 0.019444
1 0.686458 0.385648 0.002083 0.017593
1 0.676562 0.436111 0.003125 0.051852
1 0.630990 0.407870 0.003646 0.036111
1 0.695833 0.445833 0.005208 0.058333
1 0.749479 0.476389 0.006250 0.076852
1 0.919531 0.582870 0.022396 0.132407
1 0.839323 0.529167 0.017188 0.110185
1 0.785677 0.498611 0.011979 0.091667
1 0.822135 0.656481 0.024479 0.146296
1 0.739844 0.588426 0.015104 0.149074
1 0.693490 0.537037 0.016146 0.120370
1 0.659896 0.500463 0.013542 0.097222
1 0.639844 0.478241 0.010937 0.080556
1 0.623437 0.460185 0.009375 0.072222
1 0.608854 0.444907 0.011458 0.062037
1 0.597135 0.436111 0.004687 0.046296
1 0.591406 0.429167 0.004687 0.041667
1 0.584896 0.419444 0.003125 0.038889
1 0.578646 0.411574 0.003125 0.037963
1 0.574219 0.407407 0.003646 0.037037
1 0.569792 0.401389 0.003125 0.034259
1 0.604167 0.393981 0.002083 0.030556
1 0.598437 0.390278 0.003125 0.025000
1 0.592708 0.387500 0.003125 0.026852
1 0.588802 0.385648 0.002604 0.025000
1 0.584375 0.384722 0.002083 0.028704
1 0.580990 0.381019 0.001563 0.021296
1 0.240885 0.467593 0.004687 0.068519
1 0.273438 0.451389 0.005208 0.062037
1 0.298698 0.440278 0.003646 0.058333
1 0.319792 0.430093 0.004167 0.049074
1 0.336719 0.421759 0.003646 0.045370
1 0.351302 0.414815 0.002604 0.038889
1 0.363542 0.410185 0.003125 0.037037
1 0.374219 0.406019 0.003646 0.036111
1 0.887240 0.667130 0.021354 0.121296
1 0.785417 0.599537 0.020833 0.152778
1 0.708073 0.515278 0.014063 0.102778
1 0.677865 0.482407 0.010937 0.083333
1 0.656771 0.459259 0.008333 0.068519
1 0.641406 0.442593 0.005729 0.061111
1 0.629687 0.431481 0.003125 0.050000
1 0.620833 0.425000 0.002083 0.044444
1 0.614062 0.413426 0.003125 0.043519
1 0.683073 0.574537 0.015104 0.128704
1 0.671094 0.503704 0.007812 0.094444
1 0.142448 0.695370 0.009896 0.153704
1 0.210677 0.708796 0.019271 0.167593
1 0.234375 0.620370 0.006250 0.112963
1 0.283333 0.578704 0.005208 0.090741
1 0.304688 0.624537 0.009375 0.113889
1 0.317969 0.550926 0.004687 0.066667
1 0.339844 0.534722 0.004687 0.054630
1 0.355469 0.523148 0.003646 0.050000
1 0.360938 0.583796 0.009375 0.089815
1 0.397135 0.555093 0.006771 0.073148
1 0.426563 0.536574 0.006250 0.060185
1 0.451823 0.525926 0.003646 0.048148
1 0.058333 0.642130 0.021875 0.149074
1 0.171615 0.567130 0.014063 0.112037
1 0.239323 0.527778 0.013021 0.081481
1 0.285156 0.496759 0.007812 0.073148
1 0.313021 0.475926 0.006250 0.061111
1 0.277344 0.460648 0.003646 0.062037
1 0.026042 0.813889 0.031250 0.214815
1 0.043490 0.668981 0.017188 0.137963
1 0.133854 0.616204 0.013542 0.097222
1 0.201823 0.695833 0.013021 0.149074
1 0.308594 0.626389 0.006771 0.110185
1 0.362240 0.636111 0.011979 0.096296
1 0.376302 0.600000 0.005729 0.074074
1 0.385156 0.590741 0.005729 0.066667
1 0.438021 0.620833 0.007292 0.087963
1 0.498177 0.610185 0.005729 0.079630
1 0.557552 0.603241 0.006771 0.073148
1 0.575521 0.554167 0.004167 0.039815
1 0.541406 0.556944 0.003646 0.041667
1 0.913021 0.742130 0.025000 0.171296
1 0.831250 0.673611 0.016667 0.132407
1 0.776563 0.630556 0.015625 0.109259
1 0.734896 0.602315 0.007292 0.091667
1 0.704427 0.581019 0.006771 0.078704
1 0.682292 0.564352 0.007292 0.071296
1 0.651302 0.545370 0.006771 0.055556
1 0.623437 0.520370 0.004167 0.040741
1 0.124740 0.662963 0.016146 0.125926
1 0.166667 0.606481 0.010417 0.087037
1 0.261979 0.625926 0.013542 0.096296
1 0.279687 0.591204 0.005208 0.075000
1 0.353385 0.601852 0.005729 0.077778
1 0.365365 0.583333 0.004687 0.048148
1 0.415885 0.583333 0.006771 0.066667
1 0.428385 0.568981 0.004687 0.052778
1 0.461719 0.567593 0.004687 0.055556
1 0.477344 0.558333 0.004687 0.051852
1 0.498177 0.560648 0.003646 0.049074
1 0.514323 0.553241 0.004687 0.043519
1 0.527604 0.554167 0.004167 0.045370
1 0.544531 0.549074 0.004687 0.042593
1 0.551823 0.547685 0.003646 0.036111
1 0.050521 0.692130 0.016667 0.141667
1 0.129948 0.727778 0.023438 0.166667
1 0.226562 0.640278 0.013542 0.112037
1 0.290885 0.651389 0.016146 0.117593
1 0.349740 0.600926 0.009896 0.090741
1 0.387500 0.607870 0.012500 0.089815
1 0.428646 0.573148 0.006250 0.074074
1 0.451042 0.572685 0.006250 0.075000
1 0.495052 0.557870 0.005729 0.063889
1 0.484115 0.557407 0.005729 0.061111
1 0.526042 0.541204 0.006250 0.052778
1 0.545573 0.537500 0.005729 0.049074
1 0.562240 0.530093 0.004687 0.039815
1 0.576042 0.523148 0.004167 0.038889
1 0.032552 0.806481 0.029687 0.220370
1 0.187240 0.677778 0.016146 0.142593
1 0.239844 0.689815 0.011979 0.148148
1 0.328646 0.619444 0.006250 0.111111
1 0.360156 0.624537 0.007812 0.108333
1 0.415625 0.585185 0.007292 0.087037
1 0.430729 0.585185 0.006250 0.085185
1 0.475000 0.557870 0.006250 0.073148
1 0.500781 0.546759 0.005729 0.062037
1 0.522135 0.537500 0.004687 0.058333
1 0.539323 0.529630 0.004687 0.055556
1 0.136198 0.806481 0.029687 0.212963
1 0.262760 0.719907 0.023438 0.165741
1 0.341667 0.662963 0.018750 0.127778
1 0.393229 0.626852 0.014583 0.103704
1 0.430729 0.603704 0.012500 0.088889
1 0.455469 0.584259 0.008854 0.075926
1 0.475781 0.570833 0.006771 0.067593
1 0.491146 0.562500 0.004167 0.050926
1 0.503646 0.551852 0.006250 0.048148
1 0.514583 0.541204 0.004167 0.045370
1 0.524219 0.536574 0.003646 0.039815
1 0.141406 0.848148 0.033854 0.231481
1 0.270313 0.740741 0.021875 0.175926
1 0.346615 0.675926 0.020313 0.138889
1 0.393229 0.632870 0.009375 0.110185
1 0.426823 0.603241 0.007812 0.095370
1 0.450781 0.580556 0.007812 0.077778
1 0.468490 0.565278 0.004687 0.069444
1 0.482812 0.551852 0.005208 0.061111
1 0.911979 0.651389 0.010417 0.106481
1 0.813802 0.612500 0.006771 0.084259
1 0.740885 0.584259 0.004687 0.072222
1 0.692969 0.562963 0.004687 0.059259
1 0.658854 0.549537 0.004167 0.049074
1 0.637500 0.539815 0.005208 0.048148
1 0.620833 0.529630 0.003125 0.038889
1 0.607552 0.522222 0.003646 0.037037
1 0.597917 0.514352 0.003125 0.037963
1 0.590104 0.511111 0.002083 0.029630
1 0.584375 0.507870 0.002083 0.028704
1 0.964323 0.787500 0.024479 0.195370
1 0.815885 0.677778 0.013021 0.133333
1 0.731250 0.619444 0.009375 0.100000
1 0.681510 0.584259 0.005729 0.077778
1 0.650521 0.559722 0.004167 0.062037
1 0.630469 0.544444 0.004687 0.053704
1 0.619271 0.535648 0.004167 0.052778
1 0.611198 0.529167 0.002604 0.043519
1 0.604167 0.525926 0.002083 0.038889
1 0.598698 0.519444 0.002604 0.038889
1 0.593490 0.515278 0.002604 0.036111
1 0.589844 0.511574 0.002604 0.034259
1 0.875781 0.694907 0.016146 0.149074
1 0.781510 0.608333 0.013021 0.094444
1 0.732812 0.566667 0.005208 0.068519
1 0.716927 0.554167 0.003646 0.058333
1 0.705469 0.543981 0.004687 0.052778
1 0.979427 0.799074 0.028646 0.187037
1 0.871094 0.718519 0.021354 0.159259
1 0.798698 0.661574 0.015104 0.126852
1 0.720573 0.592130 0.007812 0.086111
1 0.694531 0.573148 0.006771 0.074074
1 0.659375 0.540278 0.006250 0.058333
1 0.648177 0.534722 0.005729 0.052778
1 0.093229 0.647685 0.007292 0.134259
1 0.341667 0.556944 0.005208 0.065741
1 0.431510 0.527778 0.002604 0.042593
1 0.475781 0.511111 0.001563 0.029630
1 0.860677 0.632407 0.008854 0.081481
1 0.788542 0.600926 0.008333 0.072222
1 0.737760 0.575000 0.005729 0.055556
1 0.698438 0.556944 0.006250 0.050926
1 0.671094 0.548148 0.005729 0.046296
1 0.878125 0.686111 0.016667 0.122222
1 0.778385 0.628241 0.010937 0.097222
1 0.714063 0.592130 0.007292 0.075000
1 0.676302 0.567130 0.005729 0.063889
1 0.655729 0.550000 0.007292 0.048148
1 0.271615 0.593519 0.005729 0.100000
1 0.401302 0.535185 0.004687 0.055556
1 0.832812 0.742130 0.019792 0.169444
1 0.738802 0.652315 0.015104 0.117593
1 0.688542 0.605556 0.009375 0.090741
1 0.268750 0.607870 0.012500 0.110185
1 0.395313 0.537500 0.005208 0.060185
1 0.445312 0.511111 0.003125 0.040741
1 0.469792 0.497685 0.002083 0.032407
1 0.145833 0.639352 0.017708 0.141667
1 0.322917 0.551389 0.008333 0.073148
1 0.394531 0.517593 0.003646 0.046296
1 0.427344 0.502315 0.003646 0.034259
1 0.196615 0.570833 0.013021 0.091667
1 0.320573 0.523148 0.004687 0.055556
1 0.376823 0.504167 0.002604 0.039815
1 0.403385 0.495370 0.001563 0.027778
1 0.422396 0.488426 0.003125 0.025000
1 0.932813 0.725926 0.013542 0.150000
1 0.835156 0.654630 0.011979 0.111111
1 0.188021 0.547685 0.005208 0.078704
1 0.912760 0.726852 0.009896 0.157407
1 0.757292 0.611111 0.007292 0.100000
1 0.811198 0.653241 0.006771 0.112037
1 0.602344 0.504167 0.001563 0.030556
1 0.608594 0.506481 0.001563 0.025926
1 0.616146 0.512037 0.002083 0.029630
1 0.623177 0.516204 0.001563 0.032407
1 0.649219 0.529630 0.001563 0.038889
1 0.774219 0.621296 0.004687 0.101852
1 0.720052 0.587963 0.004687 0.074074
1 0.686198 0.564815 0.003646 0.061111
1 0.664583 0.547222 0.004167 0.050000
1 0.646615 0.536574 0.002604 0.047222
1 0.633333 0.528241 0.003125 0.043519
1 0.317188 0.592593 0.012500 0.096296
1 0.353646 0.567130 0.010417 0.080556
1 0.379688 0.550000 0.009375 0.072222
1 0.401562 0.537037 0.008333 0.062963
1 0.085677 0.505093 0.004687 0.052778
1 0.180208 0.487963 0.003125 0.037037
1 0.237500 0.476389 0.002083 0.032407
1 0.274740 0.471296 0.002604 0.027778
1 0.301563 0.467593 0.002083 0.020370
1 0.321354 0.464352 0.002083 0.019444
1 0.168490 0.628241 0.007812 0.137963
1 0.225521 0.618519 0.011458 0.094444
1 0.286198 0.593981 0.004687 0.075000
1 0.327604 0.576389 0.004167 0.067593
1 0.360938 0.563426 0.004167 0.058333
1 0.385937 0.552778 0.003125 0.050000
1 0.405469 0.541667 0.002604 0.050000
1 0.455729 0.523148 0.002083 0.033333
1 0.446354 0.525926 0.002083 0.035185
1 0.435417 0.531481 0.002083 0.035185
1 0.093229 0.675000 0.013542 0.125926
1 0.193750 0.631481 0.010417 0.100000
1 0.260417 0.600926 0.011458 0.083333
1 0.309635 0.579167 0.004687 0.071296
1 0.344531 0.564815 0.007812 0.061111
1 0.372656 0.550000 0.003646 0.051852
1 0.394271 0.542130 0.003125 0.047222
1 0.411198 0.533333 0.002604 0.042593
1 0.425000 0.525926 0.002083 0.037037
1 0.436979 0.521296 0.002083 0.037037
1 0.446615 0.514815 0.001563 0.031481
1 0.455729 0.511111 0.002083 0.027778
1 0.073438 0.695370 0.015625 0.140741
1 0.177865 0.640278 0.010937 0.110185
1 0.249479 0.604167 0.013542 0.089815
1 0.300521 0.579167 0.008333 0.075000
1 0.336458 0.560648 0.006250 0.063889
1 0.364583 0.547222 0.005208 0.053704
1 0.385677 0.538889 0.003646 0.042593
1 0.254427 0.589815 0.007812 0.077778
1 0.322135 0.561574 0.004687 0.058333
1 0.342448 0.551852 0.004687 0.055556
1 0.373958 0.536111 0.003125 0.044444
1 0.039323 0.692593 0.019271 0.133333
1 0.124740 0.643981 0.016146 0.110185
1 0.234375 0.588889 0.009375 0.081481
1 0.081771 0.677778 0.014583 0.125926
1 0.154948 0.643519 0.009896 0.105556
1 0.213542 0.613426 0.009375 0.087963
1 0.259896 0.594444 0.010417 0.077778
1 0.294010 0.580093 0.007812 0.067593
1 0.358854 0.546759 0.002083 0.049074
1 0.373958 0.538889 0.003125 0.046296
1 0.397917 0.530093 0.002083 0.039815
1 0.034375 0.701852 0.014583 0.137037
1 0.124219 0.658333 0.014063 0.114815
1 0.189323 0.626852 0.011979 0.096296
1 0.240104 0.601852 0.010417 0.081481
1 0.308073 0.566204 0.006771 0.063889
1 0.334375 0.553704 0.006250 0.055556
1 0.352865 0.544444 0.005729 0.051852
1 0.368490 0.537963 0.003646 0.048148
1 0.392448 0.525463 0.004687 0.041667
1 0.022135 0.701389 0.017188 0.136111
1 0.161198 0.630556 0.013021 0.101852
1 0.213281 0.604630 0.010937 0.088889
1 0.224740 0.586111 0.009896 0.077778
1 0.387500 0.549074 0.008333 0.053704
1 0.420573 0.532870 0.003646 0.043519
1 0.443490 0.522685 0.003646 0.037963
1 0.769010 0.650463 0.010937 0.115741
1 0.707812 0.599074 0.009375 0.083333
1 0.672396 0.568981 0.004167 0.063889
1 0.653646 0.554167 0.004167 0.052778
1 0.842448 0.738889 0.023438 0.159259
1 0.752604 0.644444 0.007292 0.088889
1 0.697656 0.607870 0.004687 0.086111
1 0.668229 0.582870 0.005208 0.067593
1 0.793490 0.719444 0.018229 0.155556
1 0.711719 0.642593 0.007812 0.116667
1 0.665885 0.592130 0.005729 0.080556
1 0.637240 0.567130 0.003646 0.065741
1 0.617708 0.545370 0.004167 0.051852
1 0.579688 0.512037 0.003125 0.035185
1 0.587760 0.517130 0.002604 0.037963
1 0.897135 0.575926 0.004687 0.059259
1 0.773698 0.735185 0.020313 0.166667
1 0.700000 0.647685 0.016667 0.115741
1 0.655208 0.601389 0.011458 0.087963
1 0.623698 0.568981 0.008854 0.069444
1 0.403475 0.425258 0.065637 0.335052
1 0.811111 0.455556 0.084444 0.902222
1 0.512821 0.418981 0.085470 0.736111
1 0.231111 0.506667 0.133333 0.586667
1 0.311111 0.477778 0.080000 0.511111
1 0.397778 0.508889 0.128889 0.591111
1 0.486667 0.473333 0.102222 0.537778
1 0.575556 0.502222 0.128889 0.586667
1 0.655556 0.468889 0.075556 0.520000
1 0.733333 0.502222 0.133333 0.586667
1 0.811111 0.466667 0.084444 0.524444
1 0.288660 0.561776 0.247423 0.737452
1 0.636598 0.555985 0.314433 0.772201
1 0.686792 0.618421 0.075472 0.615789
1 0.448454 0.611969 0.072165 0.467181
1 0.838182 0.546448 0.127273 0.775956
1 0.207273 0.494536 0.116364 0.726776
1 0.492268 0.496139 0.273196 0.768340
1 0.497778 0.513393 0.133333 0.901786
1 0.694872 0.490347 0.087179 0.656371
1 0.264103 0.478764 0.107692 0.687259
1 0.787946 0.491071 0.129464 0.535714
1 0.564732 0.491071 0.129464 0.526786
1 0.319196 0.491071 0.129464 0.526786
1 0.098214 0.491071 0.133929 0.535714
1 0.651111 0.382222 0.084444 0.737778
1 0.351111 0.380000 0.080000 0.724444
1 0.495556 0.493333 0.368889 0.942222
1 0.502222 0.444444 0.124444 0.835556
1 0.663823 0.465116 0.064846 0.895349
1 0.399317 0.465116 0.068259 0.895349
1 0.131399 0.465116 0.058020 0.895349
1 0.090038 0.398964 0.134100 0.683938
1 0.233716 0.448187 0.137931 0.689119
1 0.375479 0.492228 0.137931 0.715026
1 0.210784 0.483806 0.284314 0.927126
1 0.473039 0.485830 0.259804 0.923077
1 0.732843 0.487854 0.279412 0.910931
1 0.234375 0.502232 0.227679 0.924107
1 0.193989 0.619565 0.267760 0.521739
1 0.825137 0.625000 0.262295 0.525362
1 0.685792 0.369565 0.158470 0.318841
1 0.437158 0.362319 0.153005 0.318841
1 0.524590 0.266304 0.109290 0.242754
1 0.522222 0.513333 0.173333 0.928889
1 0.587054 0.475446 0.031250 0.290179
1 0.484375 0.477679 0.031250 0.294643
1 0.377232 0.479911 0.031250 0.290179
1 0.523810 0.493333 0.357143 0.860000
1 0.504444 0.502222 0.075556 0.951111
1 0.497423 0.459459 0.180412 0.640927
1 0.128889 0.635556 0.088889 0.391111
1 0.224444 0.557778 0.084444 0.342222
1 0.284444 0.488889 0.071111 0.293333
1 0.357778 0.440000 0.066667 0.275556
1 0.395556 0.400000 0.053333 0.248889
1 0.448889 0.362222 0.053333 0.226667
1 0.488889 0.328889 0.035556 0.222222
1 0.524444 0.302222 0.035556 0.186667
1 0.557778 0.280000 0.031111 0.177778
1 0.464674 0.478182 0.277174 0.745455
1 0.748908 0.422727 0.065502 0.300000
1 0.567686 0.463636 0.061135 0.354545
1 0.510309 0.467181 0.164948 0.818533
1 0.755556 0.528889 0.124444 0.897778
1 0.382222 0.413333 0.080000 0.604444
1 0.220000 0.342222 0.066667 0.408889
1 0.108889 0.322222 0.048889 0.324444
1 0.042222 0.297778 0.040000 0.266667
1 0.855212 0.582474 0.065637 0.309278
1 0.677606 0.608247 0.081081 0.350515
1 0.308880 0.507732 0.023166 0.293814
1 0.477612 0.490040 0.248756 0.772908
1 0.740000 0.409836 0.025455 0.666667
1 0.569091 0.428962 0.032727 0.836066
1 0.483636 0.393443 0.021818 0.590164
1 0.369091 0.404372 0.040000 0.710383
1 0.305455 0.401639 0.029091 0.639344
1 0.245455 0.398907 0.032727 0.579235
1 0.467213 0.456364 0.103825 0.636364
1 0.763587 0.525455 0.266304 0.709091
1 0.491848 0.521818 0.266304 0.716364
1 0.220109 0.530909 0.266304 0.727273
1 0.480687 0.497685 0.171674 0.875000
1 0.648889 0.484444 0.053333 0.435556
1 0.326667 0.482222 0.048889 0.431111
1 0.446429 0.501667 0.369048 0.910000
1 0.871111 0.495556 0.017778 0.164444
1 0.724444 0.502222 0.017778 0.168889
1 0.673333 0.495556 0.013333 0.155556
1 0.631111 0.477778 0.017778 0.137778
1 0.588889 0.466667 0.013333 0.133333
1 0.560000 0.468889 0.017778 0.111111
1 0.062222 0.513333 0.026667 0.164444
1 0.275556 0.508889 0.026667 0.164444
1 0.377778 0.504444 0.017778 0.155556
1 0.500000 0.502222 0.973333 0.453333
1 0.780928 0.555985 0.190722 0.532819
1 0.270619 0.401544 0.139175 0.393822
1 0.180412 0.559846 0.247423 0.525097
1 0.500000 0.500000 0.794118 0.970000
1 0.497368 0.502632 0.142105 0.994737
1 0.464286 0.623810 0.185714 0.704762
1 0.654762 0.502381 0.195238 0.966667
1 0.322222 0.511111 0.208889 0.791111
1 0.637778 0.495556 0.208889 0.777778
1 0.621622 0.576923 0.115830 0.630769
1 0.353282 0.551282 0.158301 0.692308
1 0.220077 0.564103 0.115830 0.625641
1 0.293436 0.402564 0.061776 0.743590
1 0.245174 0.520619 0.220077 0.835052
1 0.326255 0.394330 0.142857 0.695876
1 0.428571 0.451031 0.100386 0.737113
1 0.507722 0.554124 0.150579 0.850515
1 0.592664 0.420103 0.065637 0.716495
1 0.683398 0.512887 0.177606 0.809278
1 0.853282 0.515464 0.262548 0.804124
1 0.762222 0.500000 0.333333 0.608889
1 0.560000 0.495556 0.213333 0.591111
1 0.377778 0.500000 0.133333 0.564444
1 0.186667 0.502222 0.231111 0.568889
1 0.235023 0.443966 0.092166 0.810345
1 0.540000 0.522222 0.200000 0.893333
1 0.548889 0.528889 0.511111 0.862222
1 0.545455 0.469945 0.138182 0.797814
1 0.619691 0.335052 0.050193 0.319588
1 0.191120 0.358247 0.096525 0.293814
1 0.685328 0.456186 0.042471 0.324742
1 0.488417 0.414948 0.027027 0.231959
1 0.384170 0.391753 0.019305 0.185567
1 0.318533 0.371134 0.011583 0.154639
1 0.274131 0.360825 0.023166 0.123711
1 0.241313 0.347938 0.011583 0.118557
1 0.216216 0.347938 0.015444 0.097938
1 0.242222 0.651111 0.146667 0.608889
1 0.335556 0.582222 0.093333 0.471111
1 0.402222 0.542222 0.084444 0.373333
1 0.457778 0.511111 0.080000 0.311111
1 0.506667 0.460000 0.062222 0.217778
1 0.562222 0.426667 0.048889 0.168889
1 0.602222 0.406667 0.040000 0.128889
1 0.640000 0.391111 0.026667 0.097778
1 0.351648 0.834239 0.014652 0.179348
1 0.882239 0.701031 0.065637 0.319588
1 0.617761 0.675258 0.054054 0.278351
1 0.432432 0.626289 0.015444 0.221649
1 0.341699 0.582474 0.027027 0.185567
1 0.368726 0.546392 0.027027 0.154639
1 0.411197 0.520619 0.019305 0.134021
1 0.455598 0.479381 0.007722 0.103093
1 0.471042 0.463918 0.007722 0.082474
1 0.374054 0.549313 0.023784 0.092385
1 0.483784 0.534332 0.009730 0.089888
1 0.573784 0.518727 0.012432 0.081149
1 0.649730 0.504994 0.012973 0.078652
1 0.432661 0.570896 0.021265 0.134328
1 0.967557 0.437189 0.044166 0.095771
1 0.965921 0.356965 0.034351 0.077114
1 0.247136 0.555764 0.040371 0.131579
1 0.366885 0.582707 0.024550 0.130326
1 0.579651 0.563283 0.022368 0.121554
1 0.672122 0.557018 0.027278 0.119048
1 0.474632 0.583960 0.017458 0.125313
1 0.738967 0.683002 0.023681 0.115385
1 0.621636 0.553350 0.012917 0.074442
1 0.599569 0.513648 0.010764 0.062035
1 0.580194 0.479529 0.006459 0.050868
1 0.558665 0.444169 0.005382 0.034739
1 0.657909 0.749380 0.020043 0.116625
1 0.606176 0.670596 0.014085 0.090571
1 0.559317 0.604218 0.009209 0.069479
1 0.554171 0.547767 0.006501 0.048387
1 0.536566 0.567618 0.007042 0.055831
1 0.799025 0.929901 0.030336 0.140199
1 0.133099 0.554388 0.024298 0.097651
1 0.309395 0.598269 0.017279 0.106304
1 0.417117 0.620519 0.013499 0.108776
1 0.511339 0.642151 0.014039 0.110012
1 0.604212 0.663164 0.019438 0.112485
1 0.720842 0.687886 0.026998 0.117429
1 0.814785 0.782258 0.045699 0.152605
1 0.797043 0.681141 0.038172 0.116625
1 0.659677 0.709677 0.021505 0.129032
1 0.549462 0.625310 0.012903 0.101737
1 0.480108 0.555831 0.010753 0.089330
1 0.451344 0.478288 0.008065 0.070720
1 0.430108 0.515509 0.011828 0.080645
1 0.796515 0.743176 0.032708 0.136476
1 0.712332 0.620968 0.020912 0.093052
1 0.659249 0.540943 0.012332 0.069479
1 0.619303 0.441687 0.004290 0.037221
1 0.608847 0.463400 0.006971 0.045906
1 0.595979 0.442928 0.006971 0.042184
1 0.580429 0.421216 0.002681 0.031017
1 0.575603 0.411290 0.002681 0.031017
1 0.696708 0.547554 0.010793 0.076087
1 0.634916 0.531250 0.007016 0.065217
1 0.400702 0.500679 0.004857 0.044837
1 0.387480 0.517663 0.006476 0.054348
1 0.366972 0.547554 0.007555 0.059783
1 0.594814 0.616644 0.005402 0.054570
1 0.585089 0.652115 0.007563 0.065484
1 0.565370 0.718281 0.009184 0.085948
1 0.254462 0.781014 0.028664 0.146710
1 0.905354 0.902373 0.055165 0.190939
1 0.751758 0.668824 0.022715 0.110032
1 0.690914 0.570119 0.013521 0.076591
1 0.765882 0.894649 0.029025 0.175028
1 0.649781 0.721293 0.015882 0.102564
1 0.596659 0.640468 0.009310 0.072464
1 0.299252 0.557239 0.094763 0.279461
1 0.589776 0.282828 0.047382 0.195286
1 0.724439 0.176768 0.032419 0.124579
1 0.171964 0.182243 0.041998 0.299065
1 0.111805 0.387850 0.055619 0.355140
1 0.276958 0.443925 0.031782 0.373832
1 0.450057 0.560748 0.030647 0.355140
1 0.650965 0.623832 0.028377 0.369159
1 0.811010 0.350467 0.028377 0.299065
1 0.837684 0.567757 0.034052 0.387850
1 0.115071 0.195205 0.030550 0.143836
1 0.200611 0.267123 0.030550 0.164384
1 0.320774 0.349315 0.038697 0.191781
1 0.464358 0.465753 0.040733 0.219178
1 0.642566 0.609589 0.042770 0.273973
1 0.823829 0.565068 0.038697 0.246575
1 0.766146 0.863894 0.132292 0.223062
1 0.794271 0.620038 0.103125 0.223062
1 0.440625 0.554820 0.056250 0.209830
1 0.284896 0.389414 0.030208 0.173913
1 0.182812 0.278828 0.026042 0.153119
1 0.121875 0.100189 0.012500 0.105860
1 0.106771 0.196597 0.019792 0.139887
1 0.041146 0.127599 0.019792 0.115312
1 0.335206 0.796915 0.082397 0.262211
1 0.484082 0.553985 0.050562 0.192802
1 0.563670 0.419023 0.033708 0.149100
1 0.606742 0.335476 0.022472 0.125964
1 0.632959 0.277635 0.022472 0.107969
1 0.651685 0.232648 0.018727 0.095116
1 0.136146 0.464481 0.014331 0.229508
1 0.285032 0.450820 0.015924 0.224044
1 0.628981 0.396175 0.009554 0.169399
1 0.720541 0.368852 0.011146 0.169399
1 0.557540 0.695067 0.079365 0.233184
1 0.303571 0.408072 0.067460 0.215247
1 0.166667 0.238789 0.043651 0.154709
1 0.098214 0.141256 0.033730 0.125561
1 0.391183 0.659091 0.070312 0.222944
1 0.172433 0.371212 0.025670 0.192641
1 0.086496 0.137446 0.016741 0.136364
1 0.044643 0.212121 0.022321 0.147186
1 0.760045 0.480519 0.046875 0.086580
1 0.599330 0.371212 0.029018 0.075758
1 0.837333 0.477516 0.074667 0.167024
1 0.595333 0.734475 0.078667 0.226981
1 0.352000 0.464668 0.037333 0.179872
1 0.182000 0.276231 0.022667 0.145610
1 0.091333 0.174518 0.022667 0.122056
1 0.035333 0.110278 0.017333 0.096360
1 0.849860 0.418142 0.034916 0.203540
1 0.788408 0.610619 0.046089 0.252212
1 0.483240 0.471239 0.041899 0.221239
1 0.261872 0.366150 0.051676 0.188053
1 0.114525 0.287611 0.044693 0.172566
1 0.328212 0.275990 0.036313 0.126238
1 0.187151 0.321782 0.044693 0.138614
1 0.393855 0.480198 0.072626 0.193069
1 0.804469 0.801980 0.111732 0.306931
1 0.342672 0.185455 0.038793 0.196364
1 0.406250 0.289091 0.036638 0.236364
1 0.240302 0.547273 0.049569 0.309091
1 0.466216 0.547244 0.089189 0.291339
1 0.283784 0.395669 0.081081 0.240157
1 0.178378 0.279528 0.064865 0.220472
1 0.284335 0.581545 0.087983 0.373391
1 0.725322 0.345494 0.047210 0.287554
1 0.185629 0.458029 0.031936 0.273723
1 0.305389 0.306569 0.031936 0.204380
1 0.456088 0.291971 0.033932 0.182482
1 0.650699 0.288321 0.035928 0.197080
1 0.558565 0.456055 0.174231 0.763672
1 0.272490 0.656250 0.075619 0.386719
1 0.468057 0.457031 0.049544 0.265625
1 0.567797 0.350586 0.035202 0.197266
1 0.641460 0.274414 0.026076 0.154297
1 0.687093 0.225586 0.020860 0.130859
1 0.317471 0.144531 0.009126 0.062500
1 0.382660 0.122070 0.009126 0.056641
1 0.054905 0.602539 0.036603 0.162109
1 0.256223 0.548828 0.026354 0.132812
1 0.393851 0.507812 0.023426 0.113281
1 0.498536 0.480469 0.019034 0.101562
1 0.729136 0.406250 0.005857 0.042969
1 0.805271 0.404297 0.005857 0.046875
1 0.005455 0.608010 0.007273 0.089806
1 0.220000 0.575243 0.007273 0.067961
1 0.369091 0.554612 0.007273 0.060680
1 0.476364 0.541262 0.007273 0.048544
1 0.560909 0.533981 0.005455 0.048544
1 0.625455 0.524272 0.007273 0.038835
1 0.680909 0.516990 0.005455 0.038835
1 0.079427 0.582031 0.091146 0.832031
1 0.184896 0.593750 0.072917 0.812500
1 0.299479 0.577148 0.127604 0.771484
1 0.399740 0.512695 0.104167 0.642578
1 0.502604 0.465820 0.083333 0.552734
1 0.591146 0.444336 0.072917 0.498047
1 0.662760 0.430664 0.041667 0.435547
1 0.720052 0.424805 0.046875 0.400391
1 0.768229 0.419922 0.036458 0.363281
1 0.576135 0.513672 0.218155 0.894531
1 0.336750 0.302734 0.084919 0.382812
1 0.271596 0.239258 0.054173 0.255859
1 0.226940 0.176758 0.032211 0.134766
1 0.554905 0.526367 0.046852 0.439453
1 0.127419 0.677146 0.096774 0.266022
1 0.775000 0.391173 0.043548 0.119710
1 0.824194 0.360943 0.038710 0.107618
1 0.367666 0.407227 0.015645 0.083984
1 0.388527 0.374023 0.013038 0.064453
1 0.406128 0.337891 0.003911 0.042969
1 0.422425 0.317383 0.005215 0.033203
1 0.611111 0.842424 0.059259 0.311111
1 0.346296 0.771717 0.077778 0.331313
1 0.177778 0.695960 0.059259 0.272727
1 0.058333 0.643434 0.057407 0.236364
1 0.919444 0.522222 0.035185 0.147475
1 0.812037 0.504040 0.035185 0.127273
1 0.725000 0.487879 0.031481 0.123232
1 0.649074 0.473737 0.027778 0.115152
1 0.586111 0.463636 0.024074 0.107071
1 0.532407 0.449495 0.020370 0.094949
1 0.482407 0.439394 0.020370 0.090909
1 0.443519 0.429293 0.016667 0.086869
1 0.407407 0.420202 0.018519 0.080808
1 0.375000 0.410101 0.016667 0.076768
1 0.346296 0.403030 0.011111 0.074747
1 0.323148 0.400000 0.012963 0.068687
1 0.301852 0.392929 0.011111 0.062626
1 0.282407 0.387879 0.009259 0.060606
1 0.265741 0.384848 0.012963 0.058586
1 0.847222 0.418182 0.012963 0.068687
1 0.281111 0.533000 0.073333 0.510000
1 0.497222 0.507000 0.072222 0.478000
1 0.693889 0.478000 0.070000 0.460000
